,200b_5.0a,100b_1.0a,200b_2.0a,50b_1.0a,200b_1.0a,500b_1.0a,200b_0.5a
200b_5.0a,1.0,0.38461538461538464,0.45454545454545453,0.23809523809523808,0.45454545454545453,0.45454545454545453,0.38461538461538464
100b_1.0a,0.38461538461538464,1.0,0.8461538461538461,0.5454545454545454,0.8461538461538461,0.8461538461538461,0.7333333333333333
200b_2.0a,0.45454545454545453,0.8461538461538461,1.0,0.45454545454545453,1.0,1.0,0.8461538461538461
50b_1.0a,0.23809523809523808,0.5454545454545454,0.45454545454545453,1.0,0.45454545454545453,0.45454545454545453,0.4166666666666667
200b_1.0a,0.45454545454545453,0.8461538461538461,1.0,0.45454545454545453,1.0,1.0,0.8461538461538461
500b_1.0a,0.45454545454545453,0.8461538461538461,1.0,0.45454545454545453,1.0,1.0,0.8461538461538461
200b_0.5a,0.38461538461538464,0.7333333333333333,0.8461538461538461,0.4166666666666667,0.8461538461538461,0.8461538461538461,1.0
