,"{'max_depth': 3, 'reg_alpha': 0}","{'max_depth': 3, 'reg_alpha': 0.5}","{'max_depth': 3, 'reg_alpha': 1}","{'max_depth': 3, 'reg_alpha': 2}","{'max_depth': 3, 'reg_alpha': 5}","{'max_depth': 6, 'reg_alpha': 0}","{'max_depth': 6, 'reg_alpha': 0.5}","{'max_depth': 6, 'reg_alpha': 1}","{'max_depth': 6, 'reg_alpha': 2}","{'max_depth': 6, 'reg_alpha': 5}","{'max_depth': 9, 'reg_alpha': 0}","{'max_depth': 9, 'reg_alpha': 0.5}","{'max_depth': 9, 'reg_alpha': 1}","{'max_depth': 9, 'reg_alpha': 2}","{'max_depth': 9, 'reg_alpha': 5}"
B_cells_glandfront_cellfrequency,0.009080699644982815,0.007644491270184517,0.006786139216274023,0.006987206172198057,0.009022734127938747,0.009044083766639233,0.007623970974236727,0.006787927355617285,0.0069871931336820126,0.00902253296226263,0.009044083766639233,0.007623970974236727,0.006787927355617285,0.0069871931336820126,0.00902253296226263
B_cells_intragland_cellfrequency,0.0,0.0,0.0,0.0,0.0,0.0,0.0,0.0,0.0,0.0,0.0,0.0,0.0,0.0,0.0
B_cells_stromal_cellfrequency,0.19213798642158508,0.19583582878112793,0.1980941742658615,0.1939525008201599,0.15499375760555267,0.19201472401618958,0.1957840472459793,0.19822822511196136,0.1939658522605896,0.15479443967342377,0.19201472401618958,0.1957840472459793,0.19822822511196136,0.1939658522605896,0.15479443967342377
CD4_T_cells_FoxP3+_glandfront_cellfrequency,0.005040071438997984,0.004106653854250908,0.00345810828730464,0.0036237044259905815,0.006959416437894106,0.005007368978112936,0.004107354208827019,0.003457765094935894,0.0036234655417501926,0.006958486512303352,0.005007368978112936,0.004107354208827019,0.003457765094935894,0.0036234655417501926,0.006958486512303352
CD4_T_cells_FoxP3+_stromal_cellfrequency,0.010760774835944176,0.009352114051580429,0.008222001604735851,0.00844472274184227,0.016279110684990883,0.0108598992228508,0.009342106990516186,0.00822029635310173,0.008445098996162415,0.016223233193159103,0.0108598992228508,0.009342106990516186,0.00822029635310173,0.008445098996162415,0.016223233193159103
CD8_T_cells_FoxP3+_glandfront_cellfrequency,0.03855021297931671,0.033813055604696274,0.030662983655929565,0.030591582879424095,0.04421374574303627,0.03853856399655342,0.03384508565068245,0.030602755025029182,0.030624577775597572,0.0442364402115345,0.03853856399655342,0.03384508565068245,0.030602755025029182,0.030624577775597572,0.0442364402115345
CD8_T_cells_FoxP3+_intragland_cellfrequency,2.6754751161206514e-05,0.0,0.0,0.0,0.0,2.6754751161206514e-05,0.0,0.0,0.0,0.0,2.6754751161206514e-05,0.0,0.0,0.0,0.0
CD8_T_cells_FoxP3+_stromal_cellfrequency,0.023685263469815254,0.021469898521900177,0.019979428499937057,0.019558167085051537,0.02143510989844799,0.023780550807714462,0.021566424518823624,0.02001236565411091,0.019557448104023933,0.02140888199210167,0.023780550807714462,0.021566424518823624,0.02001236565411091,0.019557448104023933,0.02140888199210167
CD4_T_cells_HLA-DR+_glandfront_cellfrequency,0.00821058452129364,0.007660626899451017,0.006616188213229179,0.004035116173326969,9.507787035545334e-05,0.00817687064409256,0.007695402950048447,0.006581682711839676,0.004007285460829735,9.506013157078996e-05,0.00817687064409256,0.007695402950048447,0.006581682711839676,0.004007285460829735,9.506013157078996e-05
CD4_T_cells_HLA-DR+_intragland_cellfrequency,0.0,0.0,0.0,0.0,0.0,0.0,0.0,0.0,0.0,0.0,0.0,0.0,0.0,0.0,0.0
CD4_T_cells_HLA-DR+_stromal_cellfrequency,0.0130927674472332,0.011932753026485443,0.010535210371017456,0.007040707860141993,0.0006189728155732155,0.013074234127998352,0.011975396424531937,0.010527367703616619,0.00701179401949048,0.000618772697634995,0.013074234127998352,0.011975396424531937,0.010527367703616619,0.00701179401949048,0.000618772697634995
CD8_T_cells_HLA-DR+_glandfront_cellfrequency,0.22759054601192474,0.2331518828868866,0.22986023128032684,0.2082180678844452,0.1001264676451683,0.22734200954437256,0.23313716053962708,0.22987490892410278,0.2083224505186081,0.10002006590366364,0.22734200954437256,0.23313716053962708,0.22987490892410278,0.2083224505186081,0.10002006590366364
CD8_T_cells_HLA-DR+_intragland_cellfrequency,0.00038631618372164667,0.0001368251396343112,5.920627882005647e-05,5.022970526624704e-06,0.0,0.00038623579894192517,0.0001368251396343112,5.920627882005647e-05,5.022970526624704e-06,0.0,0.00038623579894192517,0.0001368251396343112,5.920627882005647e-05,5.022970526624704e-06,0.0
CD8_T_cells_HLA-DR+_stromal_cellfrequency,0.07538628578186035,0.07437187433242798,0.07203374058008194,0.06385574489831924,0.041213709861040115,0.07543942332267761,0.07445038110017776,0.07204733788967133,0.06387452781200409,0.04121420904994011,0.07543942332267761,0.07445038110017776,0.07204733788967133,0.06387452781200409,0.04121420904994011
CD4_T_cells_CD80_CD86+_glandfront_cellfrequency,0.028074216097593307,0.0268856231123209,0.025282245129346848,0.02330509014427662,0.018225109204649925,0.027981333434581757,0.026913966983556747,0.025268232449889183,0.02328425832092762,0.018173126503825188,0.027981333434581757,0.026913966983556747,0.025268232449889183,0.02328425832092762,0.018173126503825188
CD4_T_cells_CD80_CD86+_intragland_cellfrequency,0.0,0.0,0.0,0.0,0.0,0.0,0.0,0.0,0.0,0.0,0.0,0.0,0.0,0.0,0.0
CD4_T_cells_CD80_CD86+_stromal_cellfrequency,0.010283931158483028,0.008821839466691017,0.008285307325422764,0.005686676595360041,0.001670120283961296,0.010278360918164253,0.008891918696463108,0.008290574885904789,0.005680386908352375,0.0016860462492331862,0.010278360918164253,0.008891918696463108,0.008290574885904789,0.005680386908352375,0.0016860462492331862
CD8_T_cells_CD80_CD86+_glandfront_cellfrequency,0.13129378855228424,0.1183309257030487,0.10965964943170547,0.10639354586601257,0.15431693196296692,0.13134299218654633,0.11836084723472595,0.10966889560222626,0.10646773874759674,0.1542195826768875,0.13134299218654633,0.11836084723472595,0.10966889560222626,0.10646773874759674,0.1542195826768875
CD8_T_cells_CD80_CD86+_intragland_cellfrequency,6.852385558886454e-05,7.19540985301137e-05,4.999513112124987e-05,3.728290903382003e-05,1.943622237376985e-06,6.852972001070157e-05,7.19540985301137e-05,4.999513112124987e-05,3.728290903382003e-05,1.943622237376985e-06,6.852972001070157e-05,7.19540985301137e-05,4.999513112124987e-05,3.728290903382003e-05,1.943622237376985e-06
CD8_T_cells_CD80_CD86+_stromal_cellfrequency,0.015634499490261078,0.013888143002986908,0.01235328521579504,0.01004026923328638,0.007467863615602255,0.015481640584766865,0.013810532167553902,0.012356466613709927,0.010041034780442715,0.007507420144975185,0.015481640584766865,0.013810532167553902,0.012356466613709927,0.010041034780442715,0.007507420144975185
CD4_T_cells_CD11b+_glandfront_cellfrequency,0.08142112195491791,0.07846338301897049,0.07622458040714264,0.0760408565402031,0.08489742130041122,0.08129187673330307,0.07829909771680832,0.0762367844581604,0.07599595934152603,0.08447656780481339,0.08129187673330307,0.07829909771680832,0.0762367844581604,0.07599595934152603,0.08447656780481339
CD4_T_cells_CD11b+_intragland_cellfrequency,0.0,0.0,0.0,0.0,0.0,0.0,0.0,0.0,0.0,0.0,0.0,0.0,0.0,0.0,0.0
CD4_T_cells_CD11b+_stromal_cellfrequency,0.07440508902072906,0.069400854408741,0.0664093941450119,0.0670737698674202,0.09132139384746552,0.0744490697979927,0.06950753927230835,0.06638046354055405,0.06705759465694427,0.09123315662145615,0.0744490697979927,0.06950753927230835,0.06638046354055405,0.06705759465694427,0.09123315662145615
CD8_T_cells_CD11b+_glandfront_cellfrequency,0.005297127179801464,0.003902010153979063,0.0033250502310693264,0.0035103349946439266,0.006747442297637463,0.0053061931394040585,0.003910868428647518,0.0033277389593422413,0.0034951560664922,0.0067448909394443035,0.0053061931394040585,0.003910868428647518,0.0033277389593422413,0.0034951560664922,0.0067448909394443035
CD8_T_cells_CD11b+_intragland_cellfrequency,0.0,0.0,0.0,0.0,0.0,0.0,0.0,0.0,0.0,0.0,0.0,0.0,0.0,0.0,0.0
CD8_T_cells_CD11b+_stromal_cellfrequency,0.005478815641254187,0.00436848821118474,0.003788141766563058,0.0037035944405943155,0.005797179415822029,0.005411713849753141,0.004282789304852486,0.0038061831146478653,0.0037064675707370043,0.005791296251118183,0.005411713849753141,0.004282789304852486,0.0038061831146478653,0.0037064675707370043,0.005791296251118183
Stroma_epithelial_stem_glandfront_cellfrequency,0.0018993221456184983,0.0013944931561127305,0.0013157285284250975,0.001196036348119378,0.0017196588451042771,0.001933747436851263,0.001409933203831315,0.0013157189823687077,0.0011925642611458898,0.0017172553343698382,0.001933747436851263,0.001409933203831315,0.0013157189823687077,0.0011925642611458898,0.0017172553343698382
Stroma_epithelial_stem_intragland_cellfrequency,1.138422067015199e-05,9.35204116103705e-06,7.266755346790887e-06,0.0,0.0,1.138422067015199e-05,9.35204116103705e-06,7.266755346790887e-06,0.0,0.0,1.138422067015199e-05,9.35204116103705e-06,7.266755346790887e-06,0.0,0.0
Stroma_epithelial_stem_stromal_cellfrequency,0.0005753964651376009,0.000233165716053918,0.0002657217555679381,0.00022538131452165544,0.00029545844881795347,0.0005754245794378221,0.00023315795988310128,0.0002657202712725848,0.00022535142488777637,0.0002954590891022235,0.0005754245794378221,0.00023315795988310128,0.0002657202712725848,0.00022535142488777637,0.0002954590891022235
Stroma_mesenchymal_glandfront_cellfrequency,0.01068016979843378,0.009448092430830002,0.008388305082917213,0.005667724646627903,0.0008305711671710014,0.010666264221072197,0.009497246704995632,0.008452774956822395,0.0056654042564332485,0.0008305520168505609,0.010666264221072197,0.009497246704995632,0.008452774956822395,0.0056654042564332485,0.0008305520168505609
Stroma_mesenchymal_intragland_cellfrequency,0.011024590581655502,0.010503876954317093,0.009095519781112671,0.005870126653462648,0.00013928614498581737,0.011015974916517735,0.010460864752531052,0.009102706797420979,0.0058526466600596905,0.00013928161934018135,0.011015974916517735,0.010460864752531052,0.009102706797420979,0.0058526466600596905,0.00013928161934018135
Stroma_mesenchymal_stromal_cellfrequency,0.012211890891194344,0.011639074422419071,0.010355941019952297,0.006471881177276373,0.0008755447342991829,0.012247191742062569,0.011594642885029316,0.010410825721919537,0.006478621158748865,0.0008755834423936903,0.012247191742062569,0.011594642885029316,0.010410825721919537,0.006478621158748865,0.0008755834423936903
Stroma_glandular_epithelium_glandfront_cellfrequency,0.0,0.0,0.0,0.0,0.0,0.0,0.0,0.0,0.0,0.0,0.0,0.0,0.0,0.0,0.0
Stroma_glandular_epithelium_intragland_cellfrequency,0.0,0.0,0.0,0.0,0.0,0.0,0.0,0.0,0.0,0.0,0.0,0.0,0.0,0.0,0.0
Stroma_vascular_endothelium_glandfront_cellfrequency,0.06027013808488846,0.05411043390631676,0.0499248132109642,0.05079476907849312,0.07321590185165405,0.06019720062613487,0.05421186238527298,0.04993021860718727,0.050761155784130096,0.07323984056711197,0.06019720062613487,0.05421186238527298,0.04993021860718727,0.050761155784130096,0.07323984056711197
Stroma_vascular_endothelium_intragland_cellfrequency,2.7977459467365406e-05,2.3088128727977164e-05,1.7681368262856267e-05,2.2382568204193376e-05,0.0,2.7977459467365406e-05,2.3088128727977164e-05,1.7681368262856267e-05,2.2382568204193376e-05,0.0,2.7977459467365406e-05,2.3088128727977164e-05,1.7681368262856267e-05,2.2382568204193376e-05,0.0
Stroma_vascular_endothelium_stromal_cellfrequency,0.021939871832728386,0.019847232848405838,0.01855318807065487,0.0153829175978899,0.012914585880935192,0.022007020190358162,0.01988738775253296,0.018533656373620033,0.015360518358647823,0.012910574674606323,0.022007020190358162,0.01988738775253296,0.018533656373620033,0.015360518358647823,0.012910574674606323
Stroma_fibroblast_glandfront_cellfrequency,0.026923194527626038,0.023525597527623177,0.022526416927576065,0.021034687757492065,0.024444343522191048,0.026901714503765106,0.02353360690176487,0.022595176473259926,0.021015377715229988,0.024352995678782463,0.026901714503765106,0.02353360690176487,0.022595176473259926,0.021015377715229988,0.024352995678782463
Stroma_fibroblast_intragland_cellfrequency,0.0022050149273127317,0.0016619114903733134,0.0014082301640883088,0.000778316636569798,9.626206883694977e-05,0.0023137331008911133,0.0017053106566891074,0.0014077738160267472,0.0007783091277815402,9.626206883694977e-05,0.0023137331008911133,0.0017053106566891074,0.0014077738160267472,0.0007783091277815402,9.626206883694977e-05
Stroma_fibroblast_stromal_cellfrequency,0.011659991927444935,0.01067835371941328,0.01006158534437418,0.008967877365648746,0.008102403953671455,0.011741776019334793,0.010637201368808746,0.010075380094349384,0.008967865258455276,0.00815299991518259,0.011741776019334793,0.010637201368808746,0.010075380094349384,0.008967865258455276,0.00815299991518259
NK_cells_CD56brCD16-_glandfront_cellfrequency,0.010957610793411732,0.009166393429040909,0.008364499546587467,0.007566598244011402,0.007219827733933926,0.011051739566028118,0.009193978272378445,0.00838029570877552,0.007580427918583155,0.007151315920054913,0.011051739566028118,0.009193978272378445,0.00838029570877552,0.007580427918583155,0.007151315920054913
NK_cells_CD56brCD16-_intragland_cellfrequency,0.0,0.0,0.0,0.0,0.0,0.0,0.0,0.0,0.0,0.0,0.0,0.0,0.0,0.0,0.0
NK_cells_CD56brCD16-_stromal_cellfrequency,0.009890477173030376,0.008432958275079727,0.00713014043867588,0.005099794827401638,0.002262804191559553,0.009819244034588337,0.00839917827397585,0.0071698203682899475,0.005115611013025045,0.002293896395713091,0.009819244034588337,0.00839917827397585,0.0071698203682899475,0.005115611013025045,0.002293896395713091
NK_cells_CD56dimCD16+_glandfront_cellfrequency,0.027043918147683144,0.026465579867362976,0.025786323472857475,0.023933695629239082,0.01635083369910717,0.027179433032870293,0.0265085157006979,0.025805791839957237,0.02393556386232376,0.0164262093603611,0.027179433032870293,0.0265085157006979,0.025805791839957237,0.02393556386232376,0.0164262093603611
NK_cells_CD56dimCD16+_intragland_cellfrequency,0.0,0.0,0.0,0.0,0.0,0.0,0.0,0.0,0.0,0.0,0.0,0.0,0.0,0.0,0.0
NK_cells_CD56dimCD16+_stromal_cellfrequency,0.08169616758823395,0.07927706092596054,0.07728484272956848,0.07420172542333603,0.06727084517478943,0.08178489655256271,0.07923170924186707,0.07730060815811157,0.07419474422931671,0.06728547066450119,0.08178489655256271,0.07923170924186707,0.07730060815811157,0.07419474422931671,0.06728547066450119
NK_cells_CD56brCD16-NKG2Ahi_glandfront_cellfrequency,0.004361491650342941,0.0036561693996191025,0.0035602229181677103,0.003359825350344181,0.003931976389139891,0.004348989576101303,0.0036558876745402813,0.0035481713712215424,0.0033604775089770555,0.003936424385756254,0.004348989576101303,0.0036558876745402813,0.0035481713712215424,0.0033604775089770555,0.003936424385756254
NK_cells_CD56brCD16-NKG2Ahi_intragland_cellfrequency,0.0,0.0,0.0,0.0,0.0,0.0,0.0,0.0,0.0,0.0,0.0,0.0,0.0,0.0,0.0
NK_cells_CD56brCD16-NKG2Ahi_stromal_cellfrequency,0.005390114150941372,0.0048483689315617085,0.004637082573026419,0.003588533028960228,0.002247281838208437,0.005222049541771412,0.004883101675659418,0.004634950775653124,0.0035884978715330362,0.0022454254794865847,0.005222049541771412,0.004883101675659418,0.004634950775653124,0.0035884978715330362,0.0022454254794865847
NK_cells_CD56brCD16-NKG2AhiTIM3hi_glandfront_cellfrequency,0.010015052743256092,0.008937643840909004,0.007626659236848354,0.007278586737811565,0.00858520157635212,0.010112856514751911,0.00900337751954794,0.0076220277696847916,0.0072781359776854515,0.008628323674201965,0.010112856514751911,0.00900337751954794,0.0076220277696847916,0.0072781359776854515,0.008628323674201965
NK_cells_CD56brCD16-NKG2AhiTIM3hi_intragland_cellfrequency,0.0,0.0,0.0,0.0,0.0,0.0,0.0,0.0,0.0,0.0,0.0,0.0,0.0,0.0,0.0
NK_cells_CD56brCD16-NKG2AhiTIM3hi_stromal_cellfrequency,0.01498629990965128,0.012777663767337799,0.012064941227436066,0.011793677695095539,0.016254642978310585,0.014903775416314602,0.012814883142709732,0.012084904126822948,0.011796418577432632,0.016392089426517487,0.014903775416314602,0.012814883142709732,0.012084904126822948,0.011796418577432632,0.016392089426517487
NK_cells_CD56brCD16-TIM3hi_glandfront_cellfrequency,0.07210341095924377,0.0680958479642868,0.06559368968009949,0.06410297751426697,0.06746859103441238,0.07198948413133621,0.0680527463555336,0.06551933288574219,0.06413595378398895,0.06758902966976166,0.07198948413133621,0.0680527463555336,0.06551933288574219,0.06413595378398895,0.06758902966976166
NK_cells_CD56brCD16-TIM3hi_intragland_cellfrequency,0.0,0.0,0.0,0.0,0.0,0.0,0.0,0.0,0.0,0.0,0.0,0.0,0.0,0.0,0.0
NK_cells_CD56brCD16-TIM3hi_stromal_cellfrequency,0.07878424227237701,0.07855744659900665,0.07695275545120239,0.06948062032461166,0.03735790774226189,0.07865490764379501,0.07848348468542099,0.07700494676828384,0.06943688541650772,0.03732234239578247,0.07865490764379501,0.07848348468542099,0.07700494676828384,0.06943688541650772,0.03732234239578247
NK_cells_CD56dimCD16+CD9hi_glandfront_cellfrequency,0.04999743029475212,0.04474499076604843,0.040623392909765244,0.039796143770217896,0.05627277493476868,0.05015202984213829,0.04475698247551918,0.04058798402547836,0.039805345237255096,0.05623786896467209,0.05015202984213829,0.04475698247551918,0.04058798402547836,0.039805345237255096,0.05623786896467209
NK_cells_CD56dimCD16+CD9hi_intragland_cellfrequency,0.0007822838961146772,0.0003433154197409749,0.00018327287398278713,0.00014806842955294997,1.4534992260450963e-05,0.0008056865190155804,0.00034288910683244467,0.00018327691941522062,0.00014809444837737828,1.4534992260450963e-05,0.0008056865190155804,0.00034288910683244467,0.00018327691941522062,0.00014809444837737828,1.4534992260450963e-05
NK_cells_CD56dimCD16+CD9hi_stromal_cellfrequency,0.01979825459420681,0.018197905272245407,0.015870239585638046,0.013728540390729904,0.01435727160423994,0.019836341962218285,0.018217163160443306,0.015882786363363266,0.013766649179160595,0.014319329522550106,0.019836341962218285,0.018217163160443306,0.015882786363363266,0.013766649179160595,0.014319329522550106
NK_cells_CD56brCD16-CD9hi_glandfront_cellfrequency,0.025509517639875412,0.023386260494589806,0.02232307940721512,0.021198229864239693,0.019549772143363953,0.025387020781636238,0.023344149813055992,0.022318657487630844,0.021226346492767334,0.019525527954101562,0.025387020781636238,0.023344149813055992,0.022318657487630844,0.021226346492767334,0.019525527954101562
NK_cells_CD56brCD16-CD9hi_intragland_cellfrequency,0.0,0.0,0.0,0.0,0.0,0.0,0.0,0.0,0.0,0.0,0.0,0.0,0.0,0.0,0.0
NK_cells_CD56brCD16-CD9hi_stromal_cellfrequency,0.01695682480931282,0.015230434015393257,0.013905622065067291,0.0110204191878438,0.006215421948581934,0.01689913682639599,0.015222429297864437,0.013903237879276276,0.01102848257869482,0.0062134708277881145,0.01689913682639599,0.015222429297864437,0.013903237879276276,0.01102848257869482,0.0062134708277881145
Macrophages_M1-like_glandfront_cellfrequency,0.02906336821615696,0.026232916861772537,0.02481495961546898,0.02141960896551609,0.016344619914889336,0.028901556506752968,0.02629772014915943,0.02476659044623375,0.021446222439408302,0.0163319930434227,0.028901556506752968,0.02629772014915943,0.02476659044623375,0.021446222439408302,0.0163319930434227
Macrophages_M1-like_intragland_cellfrequency,0.005909381899982691,0.00429881364107132,0.00414258660748601,0.004558728076517582,0.007496633566915989,0.005876415409147739,0.004334648139774799,0.004146198742091656,0.004558627028018236,0.00751567492261529,0.005876415409147739,0.004334648139774799,0.004146198742091656,0.004558627028018236,0.00751567492261529
Macrophages_M1-like_stromal_cellfrequency,0.016801945865154266,0.015036566182971,0.013474488630890846,0.00972636230289936,0.005565395578742027,0.016736505553126335,0.015100176446139812,0.013479756191372871,0.009731831029057503,0.005564249120652676,0.016736505553126335,0.015100176446139812,0.013479756191372871,0.009731831029057503,0.005564249120652676
Macrophages_M2-like_glandfront_cellfrequency,0.049274515360593796,0.04969775676727295,0.04719431698322296,0.03994309529662132,0.013462875969707966,0.04906173422932625,0.049654681235551834,0.047156840562820435,0.039865389466285706,0.013441596180200577,0.04906173422932625,0.049654681235551834,0.047156840562820435,0.039865389466285706,0.013441596180200577
Macrophages_M2-like_intragland_cellfrequency,0.004408384673297405,0.0039749168790876865,0.003794235410168767,0.004371096380054951,0.007132836151868105,0.004393086303025484,0.0039783259853720665,0.003812732407823205,0.004372573923319578,0.007159995846450329,0.004393086303025484,0.0039783259853720665,0.003812732407823205,0.004372573923319578,0.007159995846450329
Macrophages_M2-like_stromal_cellfrequency,0.009917560033500195,0.009113427251577377,0.008254355750977993,0.0070569803938269615,0.005842413753271103,0.009969259612262249,0.009134444408118725,0.008278295397758484,0.007056510075926781,0.005889574997127056,0.009969259612262249,0.009134444408118725,0.008278295397758484,0.007056510075926781,0.005889574997127056
Macrophages_M1_M2_glandfront_cellfrequency,0.010070607997477055,0.00857703946530819,0.0073072900995612144,0.005941647570580244,0.004590301308780909,0.01008289773017168,0.008620288223028183,0.007330895867198706,0.005941507872194052,0.004571306519210339,0.01008289773017168,0.008620288223028183,0.007330895867198706,0.005941507872194052,0.004571306519210339
Macrophages_M1_M2_intragland_cellfrequency,0.0001802862243494019,8.801606600172818e-05,4.68250727863051e-05,1.7762398783816025e-05,0.0,0.0001670094352448359,8.801606600172818e-05,4.68250727863051e-05,1.7762398783816025e-05,0.0,0.0001670094352448359,8.801606600172818e-05,4.68250727863051e-05,1.7762398783816025e-05,0.0
Macrophages_M1_M2_stromal_cellfrequency,0.02100767008960247,0.018053067848086357,0.016228115186095238,0.014680076390504837,0.01805482991039753,0.021003680303692818,0.0180364977568388,0.016209540888667107,0.014732847921550274,0.018085606396198273,0.021003680303692818,0.0180364977568388,0.016209540888667107,0.014732847921550274,0.018085606396198273
Macrophages_MDSC_glandfront_cellfrequency,0.022814199328422546,0.01975245587527752,0.01828698441386223,0.016796700656414032,0.01895686611533165,0.022899644449353218,0.019781755283474922,0.018276361748576164,0.016800152137875557,0.018878042697906494,0.022899644449353218,0.019781755283474922,0.018276361748576164,0.016800152137875557,0.018878042697906494
Macrophages_MDSC_intragland_cellfrequency,0.0002702412602957338,5.7097862736554816e-05,6.564127397723496e-05,1.940642277986626e-06,0.0,0.0002702418132685125,5.7097862736554816e-05,6.564127397723496e-05,1.940642277986626e-06,0.0,0.0002702418132685125,5.7097862736554816e-05,6.564127397723496e-05,1.940642277986626e-06,0.0
Macrophages_MDSC_stromal_cellfrequency,0.015174795873463154,0.014445146545767784,0.013101901859045029,0.008754129521548748,0.002305219415575266,0.015215801075100899,0.014479679986834526,0.013169713318347931,0.008772250264883041,0.002301326487213373,0.015215801075100899,0.014479679986834526,0.013169713318347931,0.008772250264883041,0.002301326487213373
Dendritic_Cells_CD86+_glandfront_cellfrequency,0.004045167006552219,0.003606123849749565,0.0032580774277448654,0.002210435690358281,0.00027085174224339426,0.003969522193074226,0.0036357182543724775,0.0032573812641203403,0.002172756241634488,0.00026991553022526205,0.003969522193074226,0.0036357182543724775,0.0032573812641203403,0.002172756241634488,0.00026991553022526205
Dendritic_Cells_CD86+_intragland_cellfrequency,0.0,0.0,0.0,0.0,0.0,0.0,0.0,0.0,0.0,0.0,0.0,0.0,0.0,0.0,0.0
Dendritic_Cells_CD86+_stromal_cellfrequency,0.007404988631606102,0.00632730545476079,0.005918761715292931,0.0035069941077381372,0.0002731034765020013,0.0073006646707654,0.006341158878058195,0.0059318505227565765,0.0035109405871480703,0.0002728289400693029,0.0073006646707654,0.006341158878058195,0.0059318505227565765,0.0035109405871480703,0.0002728289400693029
Dendritic_Cells_CD33+_glandfront_cellfrequency,0.01087441947311163,0.008743468672037125,0.008061137050390244,0.006849541328847408,0.009732256643474102,0.011085807345807552,0.008862501941621304,0.008066941983997822,0.0068473899737000465,0.009696935303509235,0.011085807345807552,0.008862501941621304,0.008066941983997822,0.0068473899737000465,0.009696935303509235
Dendritic_Cells_CD33+_intragland_cellfrequency,0.00015929332585074008,0.00015132002590689808,0.00014332275895867497,0.00015460164286196232,9.170710836770013e-05,0.0001590508472872898,0.00015132002590689808,0.00014332275895867497,0.00015460164286196232,9.170710836770013e-05,0.0001590508472872898,0.00015132002590689808,0.00014332275895867497,0.00015460164286196232,9.170710836770013e-05
Dendritic_Cells_CD33+_stromal_cellfrequency,0.030614428222179413,0.02761971391737461,0.02674524299800396,0.026957547292113304,0.03462439402937889,0.030493896454572678,0.027630865573883057,0.02677275240421295,0.026949038729071617,0.034510158002376556,0.030493896454572678,0.027630865573883057,0.02677275240421295,0.026949038729071617,0.034510158002376556
Dendritic_Cells_CD209CD86dp_glandfront_cellfrequency,0.0648002028465271,0.06901902705430984,0.0702667161822319,0.06457675248384476,0.021226495504379272,0.06456156075000763,0.06918965280056,0.07017461955547333,0.06446941941976547,0.02131563238799572,0.06456156075000763,0.06918965280056,0.07017461955547333,0.06446941941976547,0.02131563238799572
Dendritic_Cells_CD209CD86dp_intragland_cellfrequency,0.0,0.0,0.0,0.0,0.0,0.0,0.0,0.0,0.0,0.0,0.0,0.0,0.0,0.0,0.0
Dendritic_Cells_CD209CD86dp_stromal_cellfrequency,0.01028595119714737,0.010313508100807667,0.009595026262104511,0.007543329149484634,0.0019324193708598614,0.010328467935323715,0.010261934250593185,0.009631474502384663,0.0075433095917105675,0.00193150679115206,0.010328467935323715,0.010261934250593185,0.009631474502384663,0.0075433095917105675,0.00193150679115206
Dendritic_Cells_CD209CD33dp_glandfront_cellfrequency,0.009536298923194408,0.008634752593934536,0.007470129057765007,0.004982226528227329,0.002095326315611601,0.009568298235535622,0.008658268488943577,0.0074610463343560696,0.004976117983460426,0.002090752823278308,0.009568298235535622,0.008658268488943577,0.0074610463343560696,0.004976117983460426,0.002090752823278308
Dendritic_Cells_CD209CD33dp_intragland_cellfrequency,0.00010423972707940266,1.4259348063205834e-05,1.1020957572327461e-05,6.513586413348094e-06,0.0,0.00010423972707940266,1.4259348063205834e-05,1.1020957572327461e-05,6.513586413348094e-06,0.0,0.00010423972707940266,1.4259348063205834e-05,1.1020957572327461e-05,6.513586413348094e-06,0.0
Dendritic_Cells_CD209CD33dp_stromal_cellfrequency,0.046903692185878754,0.04451875761151314,0.04229065030813217,0.04302165284752846,0.04631587862968445,0.04696930944919586,0.044611819088459015,0.04226893186569214,0.04306379333138466,0.04638298600912094,0.04696930944919586,0.044611819088459015,0.04226893186569214,0.04306379333138466,0.04638298600912094
Dendritic_Cells_CD86CD33dp_glandfront_cellfrequency,0.018689634278416634,0.017687596380710602,0.016463331878185272,0.013676509261131287,0.006449021864682436,0.018776752054691315,0.017802000045776367,0.016361985355615616,0.01368431281298399,0.006447255611419678,0.018776752054691315,0.017802000045776367,0.016361985355615616,0.01368431281298399,0.006447255611419678
Dendritic_Cells_CD86CD33dp_intragland_cellfrequency,0.0,0.0,1.3917402611696161e-05,6.129149369371589e-06,0.0,0.0,0.0,1.3917402611696161e-05,6.129149369371589e-06,0.0,0.0,0.0,1.3917402611696161e-05,6.129149369371589e-06,0.0
Dendritic_Cells_CD86CD33dp_stromal_cellfrequency,0.01795184053480625,0.01781286858022213,0.01688280515372753,0.012940707616508007,0.006698882207274437,0.01789170317351818,0.017778456211090088,0.016876645386219025,0.012942562811076641,0.006698956713080406,0.01789170317351818,0.017778456211090088,0.016876645386219025,0.012942562811076641,0.006698956713080406
Neutrophils_glandfront_cellfrequency,0.06354885548353195,0.06212881579995155,0.060856353491544724,0.05675804987549782,0.04224009066820145,0.0635998547077179,0.06211504340171814,0.06088100001215935,0.05676833167672157,0.042311884462833405,0.0635998547077179,0.06211504340171814,0.06088100001215935,0.05676833167672157,0.042311884462833405
Neutrophils_intragland_cellfrequency,0.0043297153897583485,0.003934771753847599,0.0037245922721922398,0.003590933745726943,0.003757830010727048,0.004362161736935377,0.003929861355572939,0.003724224166944623,0.0035870587453246117,0.0037567347753793,0.004362161736935377,0.003929861355572939,0.003724224166944623,0.0035870587453246117,0.0037567347753793
Neutrophils_stromal_cellfrequency,0.039052098989486694,0.03993813320994377,0.039556898176670074,0.03500821441411972,0.019806306809186935,0.03904727101325989,0.03998231887817383,0.039524517953395844,0.03504253551363945,0.019802402704954147,0.03904727101325989,0.03998231887817383,0.039524517953395844,0.03504253551363945,0.019802402704954147
NKT_glandfront_cellfrequency,0.041338615119457245,0.03868076577782631,0.037449441850185394,0.03837786987423897,0.04658393934369087,0.041351910680532455,0.03874102979898453,0.03750711679458618,0.03837663680315018,0.046554215252399445,0.041351910680532455,0.03874102979898453,0.03750711679458618,0.03837663680315018,0.046554215252399445
NKT_intragland_cellfrequency,0.018065860494971275,0.015646327286958694,0.014969768933951855,0.015344074927270412,0.020150335505604744,0.01810299977660179,0.01567363552749157,0.014981262385845184,0.015339032746851444,0.020115738734602928,0.01810299977660179,0.01567363552749157,0.014981262385845184,0.015339032746851444,0.020115738734602928
NKT_stromal_cellfrequency,4.1301576857222244e-05,3.265491614001803e-05,2.379357465542853e-05,8.265578799182549e-06,0.0,4.1301576857222244e-05,3.265491614001803e-05,2.379357465542853e-05,8.265578799182549e-06,0.0,4.1301576857222244e-05,3.265491614001803e-05,2.379357465542853e-05,8.265578799182549e-06,0.0
aSMA-br_fibroblast_glandfront_cellfrequency,0.07730644941329956,0.0758359432220459,0.07585284113883972,0.07271511107683182,0.05831075832247734,0.07729969918727875,0.07577482610940933,0.07582239806652069,0.07271794229745865,0.05823162570595741,0.07729969918727875,0.07577482610940933,0.07582239806652069,0.07271794229745865,0.05823162570595741
aSMA-br_fibroblast_intragland_cellfrequency,0.005192622542381287,0.004890903364866972,0.004482925403863192,0.002882154891267419,0.00016017795132938772,0.005175762344151735,0.004891559947282076,0.004437796305865049,0.0028735515661537647,0.00019260564295109361,0.005175762344151735,0.004891559947282076,0.004437796305865049,0.0028735515661537647,0.00019260564295109361
aSMA-br_fibroblast_stromal_cellfrequency,0.010649586096405983,0.009793724864721298,0.008745145983994007,0.007020463235676289,0.003151139011606574,0.010684945620596409,0.009861864149570465,0.008748180232942104,0.007039411924779415,0.0031512752175331116,0.010684945620596409,0.009861864149570465,0.008748180232942104,0.007039411924779415,0.0031512752175331116
aSMA-br_mesenchymal_glandfront_cellfrequency,0.023838970810174942,0.022560086101293564,0.02035141922533512,0.013633158057928085,0.001832126174122095,0.02381228655576706,0.022532735019922256,0.020373117178678513,0.013653600588440895,0.0018277575727552176,0.02381228655576706,0.022532735019922256,0.020373117178678513,0.013653600588440895,0.0018277575727552176
aSMA-br_mesenchymal_intragland_cellfrequency,0.0004670815251301974,0.000432988308602944,0.0003725560673046857,0.00018775656644720584,0.0,0.0004670502385124564,0.00041518433135934174,0.0003700078814290464,0.000186662538908422,0.0,0.0004670502385124564,0.00041518433135934174,0.0003700078814290464,0.000186662538908422,0.0
aSMA-br_mesenchymal_stromal_cellfrequency,0.012316097505390644,0.010908696800470352,0.009631898254156113,0.00645420141518116,0.002786654978990555,0.012336812913417816,0.010946983471512794,0.009651795029640198,0.006462894380092621,0.002675218740478158,0.012336812913417816,0.010946983471512794,0.009651795029640198,0.006462894380092621,0.002675218740478158
aSMA-br_vascular_endothelium_glandfront_cellfrequency,0.01821802370250225,0.01645263470709324,0.016370924189686775,0.0154948178678751,0.018036043271422386,0.01827237382531166,0.016567762941122055,0.016387896612286568,0.015523550100624561,0.018053105100989342,0.01827237382531166,0.016567762941122055,0.016387896612286568,0.015523550100624561,0.018053105100989342
aSMA-br_vascular_endothelium_intragland_cellfrequency,0.0,0.0,0.0,0.0,0.0,0.0,0.0,0.0,0.0,0.0,0.0,0.0,0.0,0.0,0.0
aSMA-br_vascular_endothelium_stromal_cellfrequency,0.3768111765384674,0.3767862617969513,0.37928906083106995,0.3797363042831421,0.3500514626502991,0.37670984864234924,0.37690648436546326,0.37926185131073,0.37976014614105225,0.3501496911048889,0.37670984864234924,0.37690648436546326,0.37926185131073,0.37976014614105225,0.3501496911048889
Gland_glandular_epithelium_glandfront_cellfrequency,0.0246734581887722,0.0236262958496809,0.021269964054226875,0.014771942049264908,0.0020584939047694206,0.02476564049720764,0.02351425029337406,0.0212177112698555,0.014920840039849281,0.002058075973764062,0.02476564049720764,0.02351425029337406,0.0212177112698555,0.014920840039849281,0.002058075973764062
Gland_glandular_epithelium_intragland_cellfrequency,0.1534327119588852,0.15575937926769257,0.1460525393486023,0.11399909853935242,0.026051539927721024,0.1533953845500946,0.15555909276008606,0.14590102434158325,0.11394648253917694,0.026097184047102928,0.1533953845500946,0.15555909276008606,0.14590102434158325,0.11394648253917694,0.026097184047102928
Gland_glandular_epithelium_stromal_cellfrequency,0.005062086507678032,0.004068634007126093,0.0037404869217425585,0.0038458267226815224,0.00426059914752841,0.005081084556877613,0.004068547394126654,0.0037375320680439472,0.00384515430778265,0.004257850348949432,0.005081084556877613,0.004068547394126654,0.0037375320680439472,0.00384515430778265,0.004257850348949432
Gland_mesenchymal_glandfront_cellfrequency,0.015008380636572838,0.014184907078742981,0.012064849957823753,0.0081403236836195,0.0018225398380309343,0.01495418418198824,0.014238404110074043,0.0120743652805686,0.008135991171002388,0.0017822516383603215,0.01495418418198824,0.014238404110074043,0.0120743652805686,0.008135991171002388,0.0017822516383603215
Gland_mesenchymal_intragland_cellfrequency,0.018917234614491463,0.017689798027276993,0.01610627770423889,0.010312357917428017,0.0023042496759444475,0.019002359360456467,0.017672447487711906,0.016115203499794006,0.010320369154214859,0.0023036114871501923,0.019002359360456467,0.017672447487711906,0.016115203499794006,0.010320369154214859,0.0023036114871501923
Gland_mesenchymal_stromal_cellfrequency,0.01026169303804636,0.008614951744675636,0.007460332475602627,0.005340040661394596,0.003203739644959569,0.010339676402509212,0.00860455073416233,0.007531368173658848,0.005300669465214014,0.0032349820248782635,0.010339676402509212,0.00860455073416233,0.007531368173658848,0.005300669465214014,0.0032349820248782635
Gland_fibroblast_glandfront_cellfrequency,0.041721757501363754,0.03807839751243591,0.03562379255890846,0.036985188722610474,0.04947992414236069,0.04192120209336281,0.038101885467767715,0.035626571625471115,0.037016481161117554,0.04945242404937744,0.04192120209336281,0.038101885467767715,0.035626571625471115,0.037016481161117554,0.04945242404937744
Gland_fibroblast_intragland_cellfrequency,0.024412233382463455,0.023891819640994072,0.023284999653697014,0.020728956907987595,0.01217382401227951,0.02457699552178383,0.023975787684321404,0.02323387749493122,0.020729009062051773,0.012167368084192276,0.02457699552178383,0.023975787684321404,0.02323387749493122,0.020729009062051773,0.012167368084192276
Gland_fibroblast_stromal_cellfrequency,0.026650141924619675,0.02519206516444683,0.024410029873251915,0.023499619215726852,0.02476440742611885,0.026462620124220848,0.02513081021606922,0.024319710209965706,0.02351103350520134,0.024803178384900093,0.026462620124220848,0.02513081021606922,0.024319710209965706,0.02351103350520134,0.024803178384900093
Gland_vascular_endothelium_glandfront_cellfrequency,0.026221303269267082,0.024142064154148102,0.02299943007528782,0.02232591062784195,0.024739248678088188,0.02611493691802025,0.024159589782357216,0.023054787889122963,0.022325050085783005,0.024632297456264496,0.02611493691802025,0.024159589782357216,0.023054787889122963,0.022325050085783005,0.024632297456264496
Gland_vascular_endothelium_intragland_cellfrequency,0.0,0.0,0.0,0.0,0.0,0.0,0.0,0.0,0.0,0.0,0.0,0.0,0.0,0.0,0.0
Gland_vascular_endothelium_stromal_cellfrequency,0.021170610561966896,0.01734129525721073,0.015304967761039734,0.015218351036310196,0.0235238429158926,0.021106237545609474,0.017360271885991096,0.015316535718739033,0.015243053436279297,0.023559758439660072,0.021106237545609474,0.017360271885991096,0.015316535718739033,0.015243053436279297,0.023559758439660072
Gland_epithelial_stem_glandfront_cellfrequency,0.0007549477741122246,0.0003675114712677896,0.0003579254262149334,0.00033042929135262966,0.00017633393872529268,0.0007841039332561195,0.0003678632783703506,0.0003578006580937654,0.0003304052515886724,0.00017633393872529268,0.0007841039332561195,0.0003678632783703506,0.0003578006580937654,0.0003304052515886724,0.00017633393872529268
Gland_epithelial_stem_intragland_cellfrequency,0.0,0.0,0.0,0.0,0.0,0.0,0.0,0.0,0.0,0.0,0.0,0.0,0.0,0.0,0.0
Gland_epithelial_stem_stromal_cellfrequency,0.0,0.0,0.0,0.0,0.0,0.0,0.0,0.0,0.0,0.0,0.0,0.0,0.0,0.0,0.0
aSMA-br_epithelial_stem_glandfront_cellfrequency,0.0008101678686216474,0.000515779189299792,0.00047297371202148497,0.0004809814563486725,0.001309865270741284,0.0008101672283373773,0.0004820504109375179,0.0004723829042632133,0.00048098829574882984,0.0013350248336791992,0.0008101672283373773,0.0004820504109375179,0.0004723829042632133,0.00048098829574882984,0.0013350248336791992
aSMA-br_epithelial_stem_stromal_cellfrequency,0.0,2.343611413380131e-05,0.0,0.0,0.0,0.0,2.343611413380131e-05,0.0,0.0,0.0,0.0,2.343611413380131e-05,0.0,0.0,0.0
aSMA-br_glandular_epithelium_glandfront_cellfrequency,0.011316578835248947,0.010071140713989735,0.009855498559772968,0.009575121104717255,0.010802557691931725,0.01133735291659832,0.010069453157484531,0.009857123717665672,0.009610830806195736,0.010727178305387497,0.01133735291659832,0.010069453157484531,0.009857123717665672,0.009610830806195736,0.010727178305387497
aSMA-br_glandular_epithelium_intragland_cellfrequency,0.0011234366102144122,0.0006416975520551205,0.0005764623056165874,0.0004045407986268401,0.00023301070905290544,0.0010452215792611241,0.0006369678885675967,0.0005726396339014173,0.0004012628342024982,0.00023221209994517267,0.0010452215792611241,0.0006369678885675967,0.0005726396339014173,0.0004012628342024982,0.00023221209994517267
aSMA-br_glandular_epithelium_stromal_cellfrequency,0.00023037174833007157,0.00028497324092313647,0.00021390726033132523,0.00023186845646705478,0.000413120083976537,0.0002303528890479356,0.00028497324092313647,0.00021390726033132523,0.00023186845646705478,0.0004109131114091724,0.0002303528890479356,0.00028497324092313647,0.00021390726033132523,0.00023186845646705478,0.0004109131114091724
NA_glandfront_cellfrequency,0.05238477885723114,0.04881015792489052,0.04745641350746155,0.047883041203022,0.05293025076389313,0.05238310992717743,0.04882001131772995,0.0474385991692543,0.04787850007414818,0.05295771732926369,0.05238310992717743,0.04882001131772995,0.0474385991692543,0.04787850007414818,0.05295771732926369
NA_intragland_cellfrequency,0.006207222118973732,0.005738052539527416,0.00508802430704236,0.0032043233513832092,0.00018833328795153648,0.006280108354985714,0.005736664403229952,0.005130707751959562,0.0031860601156949997,0.00018833328795153648,0.006280108354985714,0.005736664403229952,0.005130707751959562,0.0031860601156949997,0.00018833328795153648
NA_stromal_cellfrequency,0.016354074701666832,0.014122268185019493,0.012642934918403625,0.010006392374634743,0.006820748560130596,0.016400305554270744,0.014188594184815884,0.012665587477385998,0.010044179856777191,0.006798983085900545,0.016400305554270744,0.014188594184815884,0.012665587477385998,0.010044179856777191,0.006798983085900545
