,Feature Name
Feature n°1,cMCs_HLADR_TNFa
Feature n°2,mDCs_HLADR_TNFa
Feature n°3,CD4Tcm_pNFkB_TNFa
Feature n°4,ncMCs_pNFkB_TNFa
Feature n°5,pDCs_pNFkB_TNFa
Feature n°6,Granulocytes_pS6_TNFa
Feature n°7,pDCs_pS6_TNFa
Feature n°8,CD4Teff_pSTAT3_TNFa
