,0
Gland mesenchymal_intragland_aggregatedNeighbors.Gland.glandular.epithelium,94
CD8 T cells HLA-DR+_stromal_area,52
CD4 T cells HLA-DR+_stromal_area,51
CD8 T cells HLA-DR+_glandfront_celldistance,41
Dendritic Cells CD209CD33dp_stromal_cellfrequency,39
Gland glandular epithelium_intragland_aggregatedNeighbors.Gland.glandular.epithelium,39
CD8 T cells HLA-DR+_stromal_cellfrequency,37
Gland fibroblast_intragland_aggregatedNeighbors.Gland.glandular.epithelium,35
Gland glandular epithelium_intragland_Ki67,29
CD4 T cells HLA-DR+_glandfront_celldistance,26
NA_stromal_aggregatedNeighbors.Stroma.mesenchymal,24
Dendritic Cells CD209CD86dp_glandfront_celldistance,23
aSMA-br vascular endothelium_glandfront_celldistance,18
CD8 T cells HLA-DR+_glandfront_eccentricity,16
Gland mesenchymal_stromal_area,14
CD4 T cells CD80/CD86+_stromal_area,12
CD4 T cells FoxP3+_glandfront_area,12
CD4 T cells HLA-DR+_glandfront_area,12
Macrophages MDSC_glandfront_celldistance,11
CD8 T cells HLA-DR+_glandfront_ERa,10
Macrophages M2-like_intragland_cellfrequency,9
Dendritic Cells CD209CD33dp_glandfront_area,9
CD4 T cells HLA-DR+_stromal_cellfrequency,8
CD4 T cells CD80/CD86+_glandfront_cellfrequency,8
Macrophages MDSC_glandfront_GranzymeB,8
Gland glandular epithelium_glandfront_Ki67,8
Stroma vascular endothelium_glandfront_area,7
CD4 T cells FoxP3+_glandfront_VEGF,7
NK cells CD56brCD16-TIM3hi_glandfront_celldistance,6
CD4 T cells HLA-DR+_stromal_HLA-DR,6
Gland mesenchymal_intragland_Ki67,6
CD4 T cells CD11b+_stromal_area,5
Dendritic Cells CD209CD86dp_glandfront_eccentricity,5
NKT_glandfront_area,5
CD4 T cells FoxP3+_glandfront_cellfrequency,4
Neutrophils_glandfront_cellfrequency,4
CD8 T cells HLA-DR+_glandfront_area,4
CD8 T cells FoxP3+_stromal_HLA-DR,4
CD8 T cells FoxP3+_intragland_cellfrequency,4
Macrophages MDSC_glandfront_area,4
Dendritic Cells CD86CD33dp_glandfront_GranzymeB,3
Gland glandular epithelium_intragland_area,3
Dendritic Cells CD209CD33dp_glandfront_celldistance,3
NK cells CD56dimCD16+_stromal_area,3
NK cells CD56dimCD16+CD9hi_intragland_area,3
aSMA-br glandular epithelium_glandfront_cellfrequency,3
Gland mesenchymal_stromal_cellfrequency,3
B cells_glandfront_cellfrequency,3
Gland fibroblast_stromal_area,3
Gland glandular epithelium_glandfront_celldistance,3
Macrophages M1/M2_glandfront_area,3
CD4 T cells HLA-DR+_glandfront_Ki67,2
CD8 T cells CD80/CD86+_intragland_cellfrequency,2
Gland glandular epithelium_glandfront_area,2
NK cells CD56brCD16-TIM3hi_stromal_GranzymeB,2
Stroma vascular endothelium_stromal_area,2
NK cells CD56brCD16-NKG2AhiTIM3hi_stromal_area,2
Gland fibroblast_intragland_area,2
CD4 T cells CD80/CD86+_glandfront_GranzymeB,2
Dendritic Cells CD209CD86dp_stromal_area,2
Macrophages M1/M2_stromal_area,2
Gland mesenchymal_intragland_GranzymeB,2
Dendritic Cells CD86+_glandfront_area,2
Macrophages MDSC_intragland_cellfrequency,2
Gland vascular endothelium_stromal_PR,2
Dendritic Cells CD209CD86dp_glandfront_GranzymeB,2
aSMA-br epithelial stem_intragland_cellfrequency,2
Dendritic Cells CD209CD86dp_glandfront_pP38,2
Gland vascular endothelium_glandfront_cellfrequency,2
CD8 T cells HLA-DR+_glandfront_PR,2
Dendritic Cells CD86+_glandfront_cellfrequency,2
CD4 T cells FoxP3+_stromal_area,2
aSMA-br mesenchymal_glandfront_GranzymeB,2
Dendritic Cells CD86+_stromal_cellfrequency,2
aSMA-br mesenchymal_glandfront_ERa,2
Dendritic Cells CD86CD33dp_glandfront_VEGF,1
Dendritic Cells CD209CD86dp_glandfront_ERa,1
NK cells CD56dimCD16+_intragland_cellfrequency,1
CD4 T cells CD11b+_glandfront_cellfrequency,1
Dendritic Cells CD86+_glandfront_celldistance,1
B cells_intragland_cellfrequency,1
Macrophages M2-like_glandfront_HLA-DR,1
CD8 T cells CD80/CD86+_stromal_cellfrequency,1
CD4 T cells CD80/CD86+_glandfront_area,1
CD8 T cells HLA-DR+_glandfront_Ki67,1
CD4 T cells HLA-DR+_stromal_PR,1
CD8 T cells HLA-DR+_glandfront_cellfrequency,1
CD4 T cells FoxP3+_glandfront_celldistance,1
Stroma mesenchymal_stromal_VEGF,1
Stroma fibroblast_stromal_area,1
CD8 T cells FoxP3+_glandfront_celldistance,1
Gland mesenchymal_glandfront_celldistance,1
NK cells CD56brCD16-NKG2Ahi_glandfront_cellfrequency,1
CD4 T cells CD11b+_glandfront_VEGF,1
Dendritic Cells CD86CD33dp_stromal_cellfrequency,1
CD4 T cells FoxP3+_glandfront_ERa,1
Gland fibroblast_glandfront_area,1
Gland glandular epithelium_intragland_HLA-DR,1
NK cells CD56brCD16-TIM3hi_glandfront_VEGF,1
Dendritic Cells CD209CD33dp_glandfront_cellfrequency,1
NA_stromal_area,1
CD4 T cells FoxP3+_glandfront_PR,1
Macrophages M1/M2_glandfront_HLA-DR,1
NK cells CD56brCD16-CD9hi_glandfront_cellfrequency,1
Dendritic Cells CD33+_intragland_area,1
NA_glandfront_cellfrequency,1
NKT_intragland_cellfrequency,1
Gland mesenchymal_glandfront_GranzymeB,1
Dendritic Cells CD86CD33dp_glandfront_eccentricity,1
NK cells CD56dimCD16+CD9hi_glandfront_aggregatedNeighbors.Gland.mesenchymal,0
NK cells CD56dimCD16+CD9hi_glandfront_aggregatedNeighbors.Gland.fibroblast,0
NK cells CD56dimCD16+CD9hi_glandfront_aggregatedNeighbors.Gland.glandular.epithelium,0
NK cells CD56brCD16-TIM3hi_stromal_aggregatedNeighbors.Dendritic.Cells.CD33.,0
NK cells CD56brCD16-TIM3hi_stromal_aggregatedNeighbors.Dendritic.Cells.CD209CD86dp,0
NK cells CD56dimCD16+CD9hi_glandfront_aggregatedNeighbors.aSMA.br.vascular.endothelium,0
NK cells CD56dimCD16+CD9hi_glandfront_aggregatedNeighbors.aSMA.br.mesenchymal,0
NK cells CD56dimCD16+CD9hi_glandfront_aggregatedNeighbors.Gland.vascular.endothelium,0
NK cells CD56brCD16-TIM3hi_stromal_aggregatedNeighbors.Dendritic.Cells.CD209CD33dp,0
NK cells CD56dimCD16+CD9hi_glandfront_aggregatedNeighbors.aSMA.br.fibroblast,0
NK cells CD56brCD16-TIM3hi_stromal_aggregatedNeighbors.Neutrophils,0
NK cells CD56dimCD16+CD9hi_glandfront_aggregatedNeighbors.NKT,0
NK cells CD56brCD16-TIM3hi_stromal_aggregatedNeighbors.aSMA.br.fibroblast,0
NK cells CD56dimCD16+CD9hi_glandfront_aggregatedNeighbors.Neutrophils,0
NK cells CD56brCD16-TIM3hi_stromal_aggregatedNeighbors.Macrophages.MDSC,0
NK cells CD56dimCD16+CD9hi_glandfront_aggregatedNeighbors.CD8.T.cells.HLA.DR.,0
NK cells CD56dimCD16+CD9hi_glandfront_aggregatedNeighbors.aSMA.br.epithelial.stem,0
NK cells CD56dimCD16+CD9hi_intragland_aggregatedNeighbors.NK.cells.CD56brCD16.NKG2AhiTIM3hi,0
NK cells CD56dimCD16+CD9hi_intragland_aggregatedNeighbors.aSMA.br.fibroblast,0
NK cells CD56brCD16-TIM3hi_stromal_aggregatedNeighbors.NK.cells.CD56brCD16.NKG2AhiTIM3hi,0
NK cells CD56dimCD16+CD9hi_intragland_aggregatedNeighbors.Macrophages.M1.M2,0
NK cells CD56dimCD16+CD9hi_intragland_aggregatedNeighbors.Macrophages.M2.like,0
NK cells CD56dimCD16+CD9hi_intragland_aggregatedNeighbors.Macrophages.M1.like,0
NK cells CD56brCD16-TIM3hi_stromal_aggregatedNeighbors.NK.cells.CD56brCD16.TIM3hi,0
NK cells CD56dimCD16+CD9hi_intragland_aggregatedNeighbors.NK.cells.CD56brCD16.CD9hi,0
NK cells CD56dimCD16+CD9hi_intragland_aggregatedNeighbors.NK.cells.CD56brCD16.TIM3hi,0
NK cells CD56brCD16-TIM3hi_stromal_aggregatedNeighbors.NK.cells.CD56dimCD16.CD9hi,0
NK cells CD56dimCD16+CD9hi_intragland_aggregatedNeighbors.NK.cells.CD56brCD16.NKG2Ahi,0
NK cells CD56dimCD16+CD9hi_glandfront_aggregatedNeighbors.aSMA.br.glandular.epithelium,0
NK cells CD56brCD16-TIM3hi_stromal_aggregatedNeighbors.NK.cells.CD56brCD16.CD9hi,0
NK cells CD56dimCD16+CD9hi_intragland_aggregatedNeighbors.NK.cells.CD56brCD16.,0
NK cells CD56brCD16-TIM3hi_stromal_aggregatedNeighbors.Macrophages.M1.like,0
NK cells CD56dimCD16+CD9hi_intragland_aggregatedNeighbors.CD8.T.cells.CD80.CD86.,0
NK cells CD56dimCD16+CD9hi_intragland_aggregatedNeighbors.CD4.T.cells.CD80.CD86.,0
NK cells CD56dimCD16+CD9hi_intragland_aggregatedNeighbors.CD8.T.cells.HLA.DR.,0
NK cells CD56brCD16-TIM3hi_stromal_aggregatedNeighbors.Macrophages.M2.like,0
NK cells CD56dimCD16+CD9hi_intragland_aggregatedNeighbors.CD4.T.cells.HLA.DR.,0
NK cells CD56brCD16-TIM3hi_stromal_aggregatedNeighbors.aSMA.br.mesenchymal,0
NK cells CD56brCD16-TIM3hi_stromal_aggregatedNeighbors.Macrophages.M1.M2,0
NK cells CD56brCD16-TIM3hi_stromal_aggregatedNeighbors.aSMA.br.vascular.endothelium,0
NK cells CD56dimCD16+CD9hi_glandfront_aggregatedNeighbors.Dendritic.Cells.CD209CD33dp,0
NK cells CD56dimCD16+CD9hi_glandfront_aggregatedNeighbors.NK.cells.CD56brCD16.,0
NK cells CD56dimCD16+CD9hi_glandfront_aggregatedNeighbors.Stroma.fibroblast,0
NK cells CD56dimCD16+CD9hi_0_aggregatedNeighbors.NK.cells.CD56brCD16.NKG2Ahi,0
NK cells CD56dimCD16+CD9hi_0_aggregatedNeighbors.NK.cells.CD56brCD16.NKG2AhiTIM3hi,0
NK cells CD56dimCD16+CD9hi_0_aggregatedNeighbors.NK.cells.CD56brCD16.TIM3hi,0
NK cells CD56dimCD16+CD9hi_0_aggregatedNeighbors.NK.cells.CD56brCD16.CD9hi,0
NK cells CD56dimCD16+CD9hi_0_aggregatedNeighbors.Macrophages.M1.like,0
NK cells CD56dimCD16+CD9hi_glandfront_aggregatedNeighbors.Stroma.vascular.endothelium,0
NK cells CD56dimCD16+CD9hi_0_aggregatedNeighbors.Macrophages.M2.like,0
NK cells CD56dimCD16+CD9hi_0_aggregatedNeighbors.Macrophages.M1.M2,0
NK cells CD56dimCD16+CD9hi_0_aggregatedNeighbors.aSMA.br.fibroblast,0
NK cells CD56dimCD16+CD9hi_0_aggregatedNeighbors.aSMA.br.mesenchymal,0
NK cells CD56dimCD16+CD9hi_0_aggregatedNeighbors.aSMA.br.vascular.endothelium,0
NK cells CD56dimCD16+CD9hi_glandfront_aggregatedNeighbors.Stroma.mesenchymal,0
NK cells CD56dimCD16+CD9hi_glandfront_aggregatedNeighbors.CD8.T.cells.CD80.CD86.,0
NK cells CD56dimCD16+CD9hi_0_aggregatedNeighbors.aSMA.br.epithelial.stem,0
NK cells CD56dimCD16+CD9hi_0_aggregatedNeighbors.aSMA.br.glandular.epithelium,0
NK cells CD56brCD16-TIM3hi_stromal_aggregatedNeighbors.NK.cells.CD56brCD16.NKG2Ahi,0
NK cells CD56dimCD16+CD9hi_glandfront_aggregatedNeighbors.CD4.T.cells.CD80.CD86.,0
NK cells CD56dimCD16+CD9hi_glandfront_aggregatedNeighbors.CD8.T.cells.FoxP3.,0
NK cells CD56dimCD16+CD9hi_0_aggregatedNeighbors.NK.cells.CD56brCD16.,0
NK cells CD56dimCD16+CD9hi_0_aggregatedNeighbors.CD8.T.cells.CD80.CD86.,0
NK cells CD56dimCD16+CD9hi_glandfront_aggregatedNeighbors.Dendritic.Cells.CD209CD86dp,0
NK cells CD56dimCD16+CD9hi_0_aggregatedNeighbors.CD4.T.cells.CD80.CD86.,0
NK cells CD56dimCD16+CD9hi_glandfront_aggregatedNeighbors.CD4.T.cells.HLA.DR.,0
NK cells CD56dimCD16+CD9hi_glandfront_aggregatedNeighbors.Dendritic.Cells.CD33.,0
NK cells CD56brCD16-TIM3hi_stromal_aggregatedNeighbors.Gland.mesenchymal,0
NK cells CD56brCD16-TIM3hi_stromal_aggregatedNeighbors.Gland.fibroblast,0
NK cells CD56dimCD16+CD9hi_glandfront_aggregatedNeighbors.Macrophages.MDSC,0
NK cells CD56brCD16-TIM3hi_stromal_aggregatedNeighbors.Gland.vascular.endothelium,0
NK cells CD56dimCD16+CD9hi_glandfront_aggregatedNeighbors.Macrophages.M1.M2,0
NK cells CD56dimCD16+CD9hi_glandfront_aggregatedNeighbors.Macrophages.M2.like,0
NK cells CD56brCD16-TIM3hi_stromal_aggregatedNeighbors.aSMA.br.epithelial.stem,0
NK cells CD56dimCD16+CD9hi_glandfront_aggregatedNeighbors.Macrophages.M1.like,0
NK cells CD56dimCD16+CD9hi_glandfront_aggregatedNeighbors.NK.cells.CD56brCD16.CD9hi,0
NK cells CD56brCD16-TIM3hi_stromal_aggregatedNeighbors.aSMA.br.glandular.epithelium,0
NK cells CD56dimCD16+CD9hi_glandfront_aggregatedNeighbors.NK.cells.CD56dimCD16.CD9hi,0
NK cells CD56dimCD16+CD9hi_glandfront_aggregatedNeighbors.NK.cells.CD56brCD16.TIM3hi,0
NK cells CD56dimCD16+CD9hi_glandfront_aggregatedNeighbors.NK.cells.CD56brCD16.NKG2AhiTIM3hi,0
NK cells CD56dimCD16+CD9hi_glandfront_aggregatedNeighbors.NK.cells.CD56brCD16.NKG2Ahi,0
NK cells CD56dimCD16+CD9hi_0_aggregatedNeighbors.CD4.T.cells.HLA.DR.,0
NK cells CD56dimCD16+CD9hi_glandfront_aggregatedNeighbors.NK.cells.CD56dimCD16.,0
NK cells CD56dimCD16+CD9hi_0_aggregatedNeighbors.CD8.T.cells.HLA.DR.,0
CD4 T cells FoxP3+_0_ERa,0
NK cells CD56brCD16-TIM3hi_glandfront_aggregatedNeighbors.Gland.mesenchymal,0
NK cells CD56brCD16-TIM3hi_stromal_aggregatedNeighbors.NK.cells.CD56dimCD16.,0
NK cells CD56dimCD16+_stromal_aggregatedNeighbors.aSMA.br.fibroblast,0
NK cells CD56dimCD16+_stromal_aggregatedNeighbors.NK.cells.CD56dimCD16.,0
NK cells CD56dimCD16+_stromal_aggregatedNeighbors.NK.cells.CD56brCD16.NKG2Ahi,0
NK cells CD56dimCD16+_stromal_aggregatedNeighbors.NK.cells.CD56brCD16.NKG2AhiTIM3hi,0
NK cells CD56dimCD16+_stromal_aggregatedNeighbors.NK.cells.CD56brCD16.TIM3hi,0
NK cells CD56dimCD16+_stromal_aggregatedNeighbors.NK.cells.CD56dimCD16.CD9hi,0
NK cells CD56dimCD16+_stromal_aggregatedNeighbors.NK.cells.CD56brCD16.CD9hi,0
NK cells CD56dimCD16+_stromal_aggregatedNeighbors.Macrophages.M1.like,0
NK cells CD56dimCD16+_stromal_aggregatedNeighbors.Macrophages.M2.like,0
NK cells CD56dimCD16+_stromal_aggregatedNeighbors.Macrophages.M1.M2,0
NK cells CD56dimCD16+_stromal_aggregatedNeighbors.Macrophages.MDSC,0
NK cells CD56dimCD16+_stromal_aggregatedNeighbors.Dendritic.Cells.CD33.,0
NK cells CD56dimCD16+_stromal_aggregatedNeighbors.Dendritic.Cells.CD209CD86dp,0
NK cells CD56dimCD16+_stromal_aggregatedNeighbors.Dendritic.Cells.CD209CD33dp,0
NK cells CD56dimCD16+_stromal_aggregatedNeighbors.Neutrophils,0
NK cells CD56dimCD16+_stromal_aggregatedNeighbors.aSMA.br.mesenchymal,0
NK cells CD56brCD16-TIM3hi_stromal_aggregatedNeighbors.NK.cells.CD56brCD16.,0
NK cells CD56dimCD16+_stromal_aggregatedNeighbors.aSMA.br.vascular.endothelium,0
NK cells CD56dimCD16+_stromal_aggregatedNeighbors.Gland.mesenchymal,0
NK cells CD56dimCD16+_stromal_aggregatedNeighbors.Gland.fibroblast,0
NK cells CD56dimCD16+_stromal_aggregatedNeighbors.Gland.vascular.endothelium,0
NK cells CD56dimCD16+_stromal_aggregatedNeighbors.aSMA.br.epithelial.stem,0
NK cells CD56dimCD16+_stromal_aggregatedNeighbors.aSMA.br.glandular.epithelium,0
NK cells CD56brCD16-NKG2AhiTIM3hi_stromal_aggregatedNeighbors.CD8.T.cells.FoxP3.,0
NK cells CD56brCD16-NKG2AhiTIM3hi_stromal_aggregatedNeighbors.CD4.T.cells.HLA.DR.,0
NK cells CD56brCD16-NKG2AhiTIM3hi_stromal_aggregatedNeighbors.CD8.T.cells.HLA.DR.,0
NK cells CD56brCD16-NKG2AhiTIM3hi_stromal_aggregatedNeighbors.CD4.T.cells.CD80.CD86.,0
NK cells CD56brCD16-NKG2AhiTIM3hi_stromal_aggregatedNeighbors.CD8.T.cells.CD80.CD86.,0
NK cells CD56brCD16-NKG2AhiTIM3hi_stromal_aggregatedNeighbors.CD4.T.cells.CD11b.,0
NK cells CD56brCD16-NKG2AhiTIM3hi_stromal_aggregatedNeighbors.Stroma.mesenchymal,0
NK cells CD56brCD16-NKG2AhiTIM3hi_stromal_aggregatedNeighbors.Stroma.vascular.endothelium,0
NK cells CD56dimCD16+_stromal_aggregatedNeighbors.NK.cells.CD56brCD16.,0
NK cells CD56dimCD16+_stromal_aggregatedNeighbors.Stroma.fibroblast,0
NK cells CD56dimCD16+_stromal_aggregatedNeighbors.Stroma.vascular.endothelium,0
NK cells CD56dimCD16+_stromal_aggregatedNeighbors.Stroma.mesenchymal,0
NK cells CD56dimCD16+_glandfront_aggregatedNeighbors.Gland.vascular.endothelium,0
NK cells CD56dimCD16+_glandfront_aggregatedNeighbors.aSMA.br.epithelial.stem,0
NK cells CD56dimCD16+_glandfront_aggregatedNeighbors.aSMA.br.glandular.epithelium,0
NK cells CD56dimCD16+_intragland_aggregatedNeighbors.CD4.T.cells.HLA.DR.,0
NK cells CD56dimCD16+_intragland_aggregatedNeighbors.CD8.T.cells.HLA.DR.,0
NK cells CD56dimCD16+_intragland_aggregatedNeighbors.CD4.T.cells.CD80.CD86.,0
NK cells CD56dimCD16+_intragland_aggregatedNeighbors.CD8.T.cells.CD80.CD86.,0
NK cells CD56dimCD16+_intragland_aggregatedNeighbors.NK.cells.CD56brCD16.,0
NK cells CD56dimCD16+_intragland_aggregatedNeighbors.NK.cells.CD56brCD16.NKG2Ahi,0
NK cells CD56dimCD16+_intragland_aggregatedNeighbors.NK.cells.CD56brCD16.NKG2AhiTIM3hi,0
NK cells CD56dimCD16+_intragland_aggregatedNeighbors.NK.cells.CD56brCD16.TIM3hi,0
NK cells CD56dimCD16+_intragland_aggregatedNeighbors.NK.cells.CD56brCD16.CD9hi,0
NK cells CD56dimCD16+_intragland_aggregatedNeighbors.Macrophages.M1.like,0
NK cells CD56dimCD16+_intragland_aggregatedNeighbors.Macrophages.M2.like,0
NK cells CD56dimCD16+_intragland_aggregatedNeighbors.Macrophages.M1.M2,0
NK cells CD56dimCD16+_intragland_aggregatedNeighbors.aSMA.br.fibroblast,0
NK cells CD56dimCD16+_intragland_aggregatedNeighbors.aSMA.br.mesenchymal,0
NK cells CD56dimCD16+_intragland_aggregatedNeighbors.aSMA.br.vascular.endothelium,0
NK cells CD56dimCD16+_intragland_aggregatedNeighbors.Gland.glandular.epithelium,0
NK cells CD56dimCD16+_intragland_aggregatedNeighbors.Gland.mesenchymal,0
NK cells CD56dimCD16+_intragland_aggregatedNeighbors.Gland.fibroblast,0
NK cells CD56dimCD16+_intragland_aggregatedNeighbors.aSMA.br.epithelial.stem,0
NK cells CD56dimCD16+_intragland_aggregatedNeighbors.aSMA.br.glandular.epithelium,0
NK cells CD56dimCD16+_stromal_aggregatedNeighbors.CD8.T.cells.FoxP3.,0
NK cells CD56dimCD16+_stromal_aggregatedNeighbors.CD4.T.cells.HLA.DR.,0
NK cells CD56dimCD16+_stromal_aggregatedNeighbors.CD8.T.cells.HLA.DR.,0
NK cells CD56dimCD16+_stromal_aggregatedNeighbors.CD4.T.cells.CD80.CD86.,0
NK cells CD56dimCD16+_stromal_aggregatedNeighbors.CD8.T.cells.CD80.CD86.,0
NK cells CD56dimCD16+_stromal_aggregatedNeighbors.CD4.T.cells.CD11b.,0
NK cells CD56brCD16-NKG2AhiTIM3hi_stromal_aggregatedNeighbors.Stroma.fibroblast,0
NK cells CD56brCD16-NKG2AhiTIM3hi_stromal_aggregatedNeighbors.NK.cells.CD56brCD16.,0
NK cells CD56brCD16-NKG2AhiTIM3hi_stromal_aggregatedNeighbors.NK.cells.CD56dimCD16.,0
NK cells CD56brCD16-TIM3hi_glandfront_aggregatedNeighbors.NK.cells.CD56brCD16.NKG2AhiTIM3hi,0
NK cells CD56brCD16-TIM3hi_glandfront_aggregatedNeighbors.NK.cells.CD56dimCD16.CD9hi,0
NK cells CD56brCD16-TIM3hi_glandfront_aggregatedNeighbors.NK.cells.CD56brCD16.CD9hi,0
NK cells CD56brCD16-TIM3hi_glandfront_aggregatedNeighbors.Macrophages.M1.like,0
NK cells CD56brCD16-TIM3hi_glandfront_aggregatedNeighbors.Macrophages.M2.like,0
NK cells CD56brCD16-TIM3hi_glandfront_aggregatedNeighbors.Macrophages.M1.M2,0
NK cells CD56brCD16-TIM3hi_glandfront_aggregatedNeighbors.Macrophages.MDSC,0
NK cells CD56brCD16-TIM3hi_glandfront_aggregatedNeighbors.Dendritic.Cells.CD33.,0
NK cells CD56brCD16-TIM3hi_glandfront_aggregatedNeighbors.Dendritic.Cells.CD209CD86dp,0
NK cells CD56brCD16-TIM3hi_glandfront_aggregatedNeighbors.Dendritic.Cells.CD209CD33dp,0
NK cells CD56brCD16-TIM3hi_glandfront_aggregatedNeighbors.Neutrophils,0
NK cells CD56brCD16-TIM3hi_glandfront_aggregatedNeighbors.NKT,0
NK cells CD56brCD16-TIM3hi_glandfront_aggregatedNeighbors.aSMA.br.fibroblast,0
NK cells CD56brCD16-TIM3hi_glandfront_aggregatedNeighbors.aSMA.br.mesenchymal,0
NK cells CD56brCD16-TIM3hi_glandfront_aggregatedNeighbors.aSMA.br.vascular.endothelium,0
NK cells CD56brCD16-TIM3hi_glandfront_aggregatedNeighbors.Gland.glandular.epithelium,0
NK cells CD56dimCD16+CD9hi_intragland_aggregatedNeighbors.aSMA.br.vascular.endothelium,0
NK cells CD56brCD16-TIM3hi_glandfront_aggregatedNeighbors.Gland.fibroblast,0
NK cells CD56brCD16-TIM3hi_glandfront_aggregatedNeighbors.Gland.vascular.endothelium,0
NK cells CD56brCD16-TIM3hi_glandfront_aggregatedNeighbors.aSMA.br.epithelial.stem,0
NK cells CD56brCD16-TIM3hi_glandfront_aggregatedNeighbors.aSMA.br.glandular.epithelium,0
NK cells CD56brCD16-TIM3hi_stromal_aggregatedNeighbors.CD8.T.cells.FoxP3.,0
NK cells CD56brCD16-TIM3hi_stromal_aggregatedNeighbors.CD4.T.cells.HLA.DR.,0
NK cells CD56brCD16-TIM3hi_stromal_aggregatedNeighbors.CD8.T.cells.HLA.DR.,0
NK cells CD56brCD16-TIM3hi_stromal_aggregatedNeighbors.CD4.T.cells.CD80.CD86.,0
NK cells CD56brCD16-TIM3hi_stromal_aggregatedNeighbors.CD8.T.cells.CD80.CD86.,0
NK cells CD56brCD16-TIM3hi_stromal_aggregatedNeighbors.CD4.T.cells.CD11b.,0
NK cells CD56brCD16-TIM3hi_stromal_aggregatedNeighbors.Stroma.mesenchymal,0
NK cells CD56brCD16-TIM3hi_stromal_aggregatedNeighbors.Stroma.vascular.endothelium,0
NK cells CD56brCD16-TIM3hi_stromal_aggregatedNeighbors.Stroma.fibroblast,0
NK cells CD56brCD16-TIM3hi_glandfront_aggregatedNeighbors.NK.cells.CD56brCD16.TIM3hi,0
NK cells CD56brCD16-TIM3hi_glandfront_aggregatedNeighbors.NK.cells.CD56brCD16.NKG2Ahi,0
NK cells CD56brCD16-NKG2AhiTIM3hi_stromal_aggregatedNeighbors.NK.cells.CD56brCD16.NKG2Ahi,0
NK cells CD56brCD16-TIM3hi_glandfront_aggregatedNeighbors.NK.cells.CD56dimCD16.,0
NK cells CD56brCD16-NKG2AhiTIM3hi_stromal_aggregatedNeighbors.NK.cells.CD56brCD16.NKG2AhiTIM3hi,0
NK cells CD56brCD16-NKG2AhiTIM3hi_stromal_aggregatedNeighbors.NK.cells.CD56brCD16.TIM3hi,0
NK cells CD56brCD16-NKG2AhiTIM3hi_stromal_aggregatedNeighbors.NK.cells.CD56dimCD16.CD9hi,0
NK cells CD56brCD16-NKG2AhiTIM3hi_stromal_aggregatedNeighbors.NK.cells.CD56brCD16.CD9hi,0
NK cells CD56brCD16-NKG2AhiTIM3hi_stromal_aggregatedNeighbors.Macrophages.M1.like,0
NK cells CD56brCD16-NKG2AhiTIM3hi_stromal_aggregatedNeighbors.Macrophages.M2.like,0
NK cells CD56brCD16-NKG2AhiTIM3hi_stromal_aggregatedNeighbors.Macrophages.M1.M2,0
NK cells CD56brCD16-NKG2AhiTIM3hi_stromal_aggregatedNeighbors.Macrophages.MDSC,0
NK cells CD56brCD16-NKG2AhiTIM3hi_stromal_aggregatedNeighbors.Dendritic.Cells.CD33.,0
NK cells CD56brCD16-NKG2AhiTIM3hi_stromal_aggregatedNeighbors.Dendritic.Cells.CD209CD86dp,0
NK cells CD56brCD16-NKG2AhiTIM3hi_stromal_aggregatedNeighbors.Dendritic.Cells.CD209CD33dp,0
NK cells CD56brCD16-NKG2AhiTIM3hi_stromal_aggregatedNeighbors.Neutrophils,0
NK cells CD56brCD16-NKG2AhiTIM3hi_stromal_aggregatedNeighbors.aSMA.br.fibroblast,0
NK cells CD56brCD16-NKG2AhiTIM3hi_stromal_aggregatedNeighbors.aSMA.br.mesenchymal,0
NK cells CD56brCD16-NKG2AhiTIM3hi_stromal_aggregatedNeighbors.aSMA.br.vascular.endothelium,0
NK cells CD56brCD16-NKG2AhiTIM3hi_stromal_aggregatedNeighbors.Gland.mesenchymal,0
NK cells CD56brCD16-NKG2AhiTIM3hi_stromal_aggregatedNeighbors.Gland.fibroblast,0
NK cells CD56brCD16-NKG2AhiTIM3hi_stromal_aggregatedNeighbors.Gland.vascular.endothelium,0
NK cells CD56brCD16-NKG2AhiTIM3hi_stromal_aggregatedNeighbors.aSMA.br.epithelial.stem,0
NK cells CD56brCD16-NKG2AhiTIM3hi_stromal_aggregatedNeighbors.aSMA.br.glandular.epithelium,0
NK cells CD56brCD16-TIM3hi_glandfront_aggregatedNeighbors.CD8.T.cells.FoxP3.,0
NK cells CD56brCD16-TIM3hi_glandfront_aggregatedNeighbors.CD4.T.cells.HLA.DR.,0
NK cells CD56brCD16-TIM3hi_glandfront_aggregatedNeighbors.CD8.T.cells.HLA.DR.,0
NK cells CD56brCD16-TIM3hi_glandfront_aggregatedNeighbors.CD4.T.cells.CD80.CD86.,0
NK cells CD56brCD16-TIM3hi_glandfront_aggregatedNeighbors.CD8.T.cells.CD80.CD86.,0
NK cells CD56brCD16-TIM3hi_glandfront_aggregatedNeighbors.Stroma.mesenchymal,0
NK cells CD56brCD16-TIM3hi_glandfront_aggregatedNeighbors.Stroma.vascular.endothelium,0
NK cells CD56brCD16-TIM3hi_glandfront_aggregatedNeighbors.Stroma.fibroblast,0
NK cells CD56brCD16-TIM3hi_glandfront_aggregatedNeighbors.NK.cells.CD56brCD16.,0
NK cells CD56dimCD16+CD9hi_intragland_aggregatedNeighbors.aSMA.br.mesenchymal,0
NK cells CD56dimCD16+CD9hi_stromal_aggregatedNeighbors.Dendritic.Cells.CD209CD33dp,0
NK cells CD56dimCD16+CD9hi_intragland_aggregatedNeighbors.Gland.glandular.epithelium,0
Macrophages M2-like_glandfront_aggregatedNeighbors.Macrophages.M1.like,0
Macrophages M2-like_glandfront_aggregatedNeighbors.CD4.T.cells.HLA.DR.,0
Macrophages M2-like_glandfront_aggregatedNeighbors.CD8.T.cells.HLA.DR.,0
Macrophages M2-like_glandfront_aggregatedNeighbors.CD4.T.cells.CD80.CD86.,0
Macrophages M2-like_glandfront_aggregatedNeighbors.CD8.T.cells.CD80.CD86.,0
Macrophages M2-like_glandfront_aggregatedNeighbors.Stroma.mesenchymal,0
Macrophages M2-like_glandfront_aggregatedNeighbors.Stroma.vascular.endothelium,0
Macrophages M2-like_glandfront_aggregatedNeighbors.Stroma.fibroblast,0
Macrophages M2-like_glandfront_aggregatedNeighbors.NK.cells.CD56brCD16.,0
Macrophages M2-like_glandfront_aggregatedNeighbors.NK.cells.CD56dimCD16.,0
Macrophages M2-like_glandfront_aggregatedNeighbors.NK.cells.CD56brCD16.NKG2Ahi,0
Macrophages M2-like_glandfront_aggregatedNeighbors.NK.cells.CD56brCD16.NKG2AhiTIM3hi,0
Macrophages M2-like_glandfront_aggregatedNeighbors.NK.cells.CD56brCD16.TIM3hi,0
Macrophages M2-like_glandfront_aggregatedNeighbors.NK.cells.CD56dimCD16.CD9hi,0
Macrophages M2-like_glandfront_aggregatedNeighbors.NK.cells.CD56brCD16.CD9hi,0
Macrophages M2-like_glandfront_aggregatedNeighbors.Macrophages.M2.like,0
Macrophages M2-like_glandfront_aggregatedNeighbors.aSMA.br.glandular.epithelium,0
Macrophages M2-like_glandfront_aggregatedNeighbors.Macrophages.M1.M2,0
Macrophages M2-like_glandfront_aggregatedNeighbors.Macrophages.MDSC,0
Macrophages M2-like_glandfront_aggregatedNeighbors.Dendritic.Cells.CD33.,0
Macrophages M2-like_glandfront_aggregatedNeighbors.Dendritic.Cells.CD209CD86dp,0
Macrophages M2-like_glandfront_aggregatedNeighbors.Dendritic.Cells.CD209CD33dp,0
Macrophages M2-like_glandfront_aggregatedNeighbors.Neutrophils,0
Macrophages M2-like_glandfront_aggregatedNeighbors.NKT,0
Macrophages M2-like_glandfront_aggregatedNeighbors.aSMA.br.fibroblast,0
Macrophages M2-like_glandfront_aggregatedNeighbors.aSMA.br.mesenchymal,0
Macrophages M2-like_glandfront_aggregatedNeighbors.aSMA.br.vascular.endothelium,0
Macrophages M2-like_glandfront_aggregatedNeighbors.Gland.glandular.epithelium,0
Macrophages M2-like_glandfront_aggregatedNeighbors.Gland.mesenchymal,0
Macrophages M2-like_glandfront_aggregatedNeighbors.Gland.fibroblast,0
Macrophages M2-like_glandfront_aggregatedNeighbors.Gland.vascular.endothelium,0
Macrophages M2-like_glandfront_aggregatedNeighbors.CD8.T.cells.FoxP3.,0
Macrophages M1-like_stromal_aggregatedNeighbors.aSMA.br.glandular.epithelium,0
Macrophages M1-like_stromal_aggregatedNeighbors.aSMA.br.epithelial.stem,0
Macrophages M1-like_stromal_aggregatedNeighbors.Gland.vascular.endothelium,0
Macrophages M1-like_stromal_aggregatedNeighbors.CD8.T.cells.FoxP3.,0
Macrophages M1-like_stromal_aggregatedNeighbors.CD4.T.cells.HLA.DR.,0
Macrophages M1-like_stromal_aggregatedNeighbors.CD8.T.cells.HLA.DR.,0
Macrophages M1-like_stromal_aggregatedNeighbors.CD4.T.cells.CD80.CD86.,0
Macrophages M1-like_stromal_aggregatedNeighbors.CD8.T.cells.CD80.CD86.,0
Macrophages M1-like_stromal_aggregatedNeighbors.CD4.T.cells.CD11b.,0
Macrophages M1-like_stromal_aggregatedNeighbors.Stroma.mesenchymal,0
Macrophages M1-like_stromal_aggregatedNeighbors.Stroma.vascular.endothelium,0
Macrophages M1-like_stromal_aggregatedNeighbors.Stroma.fibroblast,0
Macrophages M1-like_stromal_aggregatedNeighbors.NK.cells.CD56brCD16.,0
Macrophages M1-like_stromal_aggregatedNeighbors.NK.cells.CD56dimCD16.,0
Macrophages M1-like_stromal_aggregatedNeighbors.NK.cells.CD56brCD16.NKG2Ahi,0
Macrophages M1-like_stromal_aggregatedNeighbors.NK.cells.CD56brCD16.NKG2AhiTIM3hi,0
Macrophages M1-like_stromal_aggregatedNeighbors.NK.cells.CD56brCD16.TIM3hi,0
Macrophages M1-like_stromal_aggregatedNeighbors.NK.cells.CD56dimCD16.CD9hi,0
Macrophages M1-like_stromal_aggregatedNeighbors.NK.cells.CD56brCD16.CD9hi,0
Macrophages M1-like_stromal_aggregatedNeighbors.Macrophages.M1.like,0
Macrophages M1-like_stromal_aggregatedNeighbors.Macrophages.M2.like,0
Macrophages M1-like_stromal_aggregatedNeighbors.Macrophages.M1.M2,0
Macrophages M1-like_stromal_aggregatedNeighbors.Macrophages.MDSC,0
Macrophages M1-like_stromal_aggregatedNeighbors.Dendritic.Cells.CD33.,0
Macrophages M1-like_stromal_aggregatedNeighbors.Dendritic.Cells.CD209CD86dp,0
Macrophages M1-like_stromal_aggregatedNeighbors.Dendritic.Cells.CD209CD33dp,0
Macrophages M1-like_stromal_aggregatedNeighbors.Neutrophils,0
Macrophages M1-like_stromal_aggregatedNeighbors.aSMA.br.fibroblast,0
Macrophages M1-like_stromal_aggregatedNeighbors.aSMA.br.mesenchymal,0
Macrophages M1-like_stromal_aggregatedNeighbors.aSMA.br.vascular.endothelium,0
Macrophages M1-like_stromal_aggregatedNeighbors.Gland.mesenchymal,0
Macrophages M1-like_stromal_aggregatedNeighbors.Gland.fibroblast,0
Macrophages M2-like_glandfront_aggregatedNeighbors.aSMA.br.epithelial.stem,0
Macrophages M2-like_stromal_aggregatedNeighbors.CD8.T.cells.FoxP3.,0
NK cells CD56dimCD16+CD9hi_intragland_aggregatedNeighbors.Gland.mesenchymal,0
Macrophages M1/M2_glandfront_aggregatedNeighbors.Macrophages.M1.M2,0
Macrophages M1/M2_glandfront_aggregatedNeighbors.CD4.T.cells.CD80.CD86.,0
Macrophages M1/M2_glandfront_aggregatedNeighbors.CD8.T.cells.CD80.CD86.,0
Macrophages M1/M2_glandfront_aggregatedNeighbors.Stroma.mesenchymal,0
Macrophages M1/M2_glandfront_aggregatedNeighbors.Stroma.vascular.endothelium,0
Macrophages M1/M2_glandfront_aggregatedNeighbors.Stroma.fibroblast,0
Macrophages M1/M2_glandfront_aggregatedNeighbors.NK.cells.CD56brCD16.,0
Macrophages M1/M2_glandfront_aggregatedNeighbors.NK.cells.CD56dimCD16.,0
Macrophages M1/M2_glandfront_aggregatedNeighbors.NK.cells.CD56brCD16.NKG2Ahi,0
Macrophages M1/M2_glandfront_aggregatedNeighbors.NK.cells.CD56brCD16.NKG2AhiTIM3hi,0
Macrophages M1/M2_glandfront_aggregatedNeighbors.NK.cells.CD56brCD16.TIM3hi,0
Macrophages M1/M2_glandfront_aggregatedNeighbors.NK.cells.CD56dimCD16.CD9hi,0
Macrophages M1/M2_glandfront_aggregatedNeighbors.NK.cells.CD56brCD16.CD9hi,0
Macrophages M1/M2_glandfront_aggregatedNeighbors.Macrophages.M1.like,0
Macrophages M1/M2_glandfront_aggregatedNeighbors.Macrophages.M2.like,0
Macrophages M1/M2_glandfront_aggregatedNeighbors.Macrophages.MDSC,0
Macrophages M2-like_stromal_aggregatedNeighbors.CD4.T.cells.HLA.DR.,0
Macrophages M1/M2_glandfront_aggregatedNeighbors.Dendritic.Cells.CD33.,0
Macrophages M1/M2_glandfront_aggregatedNeighbors.Dendritic.Cells.CD209CD86dp,0
Macrophages M1/M2_glandfront_aggregatedNeighbors.Dendritic.Cells.CD209CD33dp,0
Macrophages M1/M2_glandfront_aggregatedNeighbors.Neutrophils,0
Macrophages M1/M2_glandfront_aggregatedNeighbors.NKT,0
Macrophages M1/M2_glandfront_aggregatedNeighbors.aSMA.br.fibroblast,0
Macrophages M1/M2_glandfront_aggregatedNeighbors.aSMA.br.mesenchymal,0
Macrophages M1/M2_glandfront_aggregatedNeighbors.aSMA.br.vascular.endothelium,0
Macrophages M1/M2_glandfront_aggregatedNeighbors.Gland.glandular.epithelium,0
Macrophages M1/M2_glandfront_aggregatedNeighbors.Gland.mesenchymal,0
Macrophages M1/M2_glandfront_aggregatedNeighbors.Gland.fibroblast,0
Macrophages M1/M2_glandfront_aggregatedNeighbors.Gland.vascular.endothelium,0
Macrophages M1/M2_glandfront_aggregatedNeighbors.aSMA.br.epithelial.stem,0
Macrophages M1/M2_glandfront_aggregatedNeighbors.aSMA.br.glandular.epithelium,0
Macrophages M1/M2_glandfront_aggregatedNeighbors.CD8.T.cells.HLA.DR.,0
Macrophages M1/M2_glandfront_aggregatedNeighbors.CD4.T.cells.HLA.DR.,0
Macrophages M1/M2_glandfront_aggregatedNeighbors.CD8.T.cells.FoxP3.,0
Macrophages M2-like_stromal_aggregatedNeighbors.aSMA.br.glandular.epithelium,0
Macrophages M2-like_stromal_aggregatedNeighbors.CD8.T.cells.HLA.DR.,0
Macrophages M2-like_stromal_aggregatedNeighbors.CD4.T.cells.CD80.CD86.,0
Macrophages M2-like_stromal_aggregatedNeighbors.CD8.T.cells.CD80.CD86.,0
Macrophages M2-like_stromal_aggregatedNeighbors.CD4.T.cells.CD11b.,0
Macrophages M2-like_stromal_aggregatedNeighbors.Stroma.mesenchymal,0
Macrophages M2-like_stromal_aggregatedNeighbors.Stroma.vascular.endothelium,0
Macrophages M2-like_stromal_aggregatedNeighbors.Stroma.fibroblast,0
Macrophages M2-like_stromal_aggregatedNeighbors.NK.cells.CD56brCD16.,0
Macrophages M2-like_stromal_aggregatedNeighbors.NK.cells.CD56dimCD16.,0
Macrophages M2-like_stromal_aggregatedNeighbors.NK.cells.CD56brCD16.NKG2Ahi,0
Macrophages M2-like_stromal_aggregatedNeighbors.NK.cells.CD56brCD16.NKG2AhiTIM3hi,0
Macrophages M2-like_stromal_aggregatedNeighbors.NK.cells.CD56brCD16.TIM3hi,0
Macrophages M2-like_stromal_aggregatedNeighbors.NK.cells.CD56dimCD16.CD9hi,0
Macrophages M2-like_stromal_aggregatedNeighbors.NK.cells.CD56brCD16.CD9hi,0
Macrophages M2-like_stromal_aggregatedNeighbors.Macrophages.M1.like,0
Macrophages M2-like_stromal_aggregatedNeighbors.Macrophages.M2.like,0
Macrophages M2-like_stromal_aggregatedNeighbors.Macrophages.M1.M2,0
Macrophages M2-like_stromal_aggregatedNeighbors.Macrophages.MDSC,0
Macrophages M2-like_stromal_aggregatedNeighbors.Dendritic.Cells.CD33.,0
Macrophages M2-like_stromal_aggregatedNeighbors.Dendritic.Cells.CD209CD86dp,0
Macrophages M2-like_stromal_aggregatedNeighbors.Dendritic.Cells.CD209CD33dp,0
Macrophages M2-like_stromal_aggregatedNeighbors.Neutrophils,0
Macrophages M2-like_stromal_aggregatedNeighbors.aSMA.br.fibroblast,0
Macrophages M2-like_stromal_aggregatedNeighbors.aSMA.br.mesenchymal,0
Macrophages M2-like_stromal_aggregatedNeighbors.aSMA.br.vascular.endothelium,0
Macrophages M2-like_stromal_aggregatedNeighbors.Gland.mesenchymal,0
Macrophages M2-like_stromal_aggregatedNeighbors.Gland.fibroblast,0
Macrophages M2-like_stromal_aggregatedNeighbors.Gland.vascular.endothelium,0
Macrophages M2-like_stromal_aggregatedNeighbors.aSMA.br.epithelial.stem,0
Macrophages M1-like_glandfront_aggregatedNeighbors.aSMA.br.glandular.epithelium,0
Macrophages M1-like_glandfront_aggregatedNeighbors.aSMA.br.epithelial.stem,0
Macrophages M1-like_glandfront_aggregatedNeighbors.Gland.vascular.endothelium,0
NK cells CD56brCD16-CD9hi_glandfront_aggregatedNeighbors.NK.cells.CD56brCD16.TIM3hi,0
NK cells CD56dimCD16+CD9hi_stromal_aggregatedNeighbors.aSMA.br.epithelial.stem,0
NK cells CD56dimCD16+CD9hi_stromal_aggregatedNeighbors.aSMA.br.glandular.epithelium,0
NK cells CD56brCD16-CD9hi_glandfront_aggregatedNeighbors.CD8.T.cells.FoxP3.,0
NK cells CD56brCD16-CD9hi_glandfront_aggregatedNeighbors.CD4.T.cells.HLA.DR.,0
NK cells CD56brCD16-CD9hi_glandfront_aggregatedNeighbors.CD8.T.cells.HLA.DR.,0
NK cells CD56brCD16-CD9hi_glandfront_aggregatedNeighbors.CD4.T.cells.CD80.CD86.,0
NK cells CD56brCD16-CD9hi_glandfront_aggregatedNeighbors.CD8.T.cells.CD80.CD86.,0
NK cells CD56brCD16-CD9hi_glandfront_aggregatedNeighbors.Stroma.mesenchymal,0
NK cells CD56brCD16-CD9hi_glandfront_aggregatedNeighbors.Stroma.vascular.endothelium,0
NK cells CD56brCD16-CD9hi_glandfront_aggregatedNeighbors.Stroma.fibroblast,0
NK cells CD56brCD16-CD9hi_glandfront_aggregatedNeighbors.NK.cells.CD56brCD16.,0
NK cells CD56brCD16-CD9hi_glandfront_aggregatedNeighbors.NK.cells.CD56dimCD16.,0
NK cells CD56brCD16-CD9hi_glandfront_aggregatedNeighbors.NK.cells.CD56brCD16.NKG2Ahi,0
NK cells CD56brCD16-CD9hi_glandfront_aggregatedNeighbors.NK.cells.CD56brCD16.NKG2AhiTIM3hi,0
NK cells CD56brCD16-CD9hi_glandfront_aggregatedNeighbors.NK.cells.CD56dimCD16.CD9hi,0
Macrophages M1-like_glandfront_aggregatedNeighbors.Gland.fibroblast,0
NK cells CD56brCD16-CD9hi_glandfront_aggregatedNeighbors.NK.cells.CD56brCD16.CD9hi,0
NK cells CD56brCD16-CD9hi_glandfront_aggregatedNeighbors.Macrophages.M1.like,0
NK cells CD56brCD16-CD9hi_glandfront_aggregatedNeighbors.Macrophages.M2.like,0
NK cells CD56brCD16-CD9hi_glandfront_aggregatedNeighbors.Macrophages.M1.M2,0
NK cells CD56brCD16-CD9hi_glandfront_aggregatedNeighbors.Macrophages.MDSC,0
NK cells CD56brCD16-CD9hi_glandfront_aggregatedNeighbors.Dendritic.Cells.CD33.,0
NK cells CD56brCD16-CD9hi_glandfront_aggregatedNeighbors.Dendritic.Cells.CD209CD86dp,0
NK cells CD56brCD16-CD9hi_glandfront_aggregatedNeighbors.Dendritic.Cells.CD209CD33dp,0
NK cells CD56brCD16-CD9hi_glandfront_aggregatedNeighbors.Neutrophils,0
NK cells CD56brCD16-CD9hi_glandfront_aggregatedNeighbors.NKT,0
NK cells CD56brCD16-CD9hi_glandfront_aggregatedNeighbors.aSMA.br.fibroblast,0
NK cells CD56brCD16-CD9hi_glandfront_aggregatedNeighbors.aSMA.br.mesenchymal,0
NK cells CD56brCD16-CD9hi_glandfront_aggregatedNeighbors.aSMA.br.vascular.endothelium,0
NK cells CD56brCD16-CD9hi_glandfront_aggregatedNeighbors.Gland.glandular.epithelium,0
NK cells CD56dimCD16+CD9hi_stromal_aggregatedNeighbors.Gland.vascular.endothelium,0
NK cells CD56dimCD16+CD9hi_stromal_aggregatedNeighbors.Gland.fibroblast,0
NK cells CD56dimCD16+CD9hi_stromal_aggregatedNeighbors.Gland.mesenchymal,0
NK cells CD56dimCD16+CD9hi_stromal_aggregatedNeighbors.aSMA.br.vascular.endothelium,0
NK cells CD56dimCD16+CD9hi_intragland_aggregatedNeighbors.Gland.fibroblast,0
NK cells CD56dimCD16+CD9hi_intragland_aggregatedNeighbors.aSMA.br.epithelial.stem,0
NK cells CD56dimCD16+CD9hi_intragland_aggregatedNeighbors.aSMA.br.glandular.epithelium,0
NK cells CD56dimCD16+CD9hi_stromal_aggregatedNeighbors.CD8.T.cells.FoxP3.,0
NK cells CD56dimCD16+CD9hi_stromal_aggregatedNeighbors.CD4.T.cells.HLA.DR.,0
NK cells CD56dimCD16+CD9hi_stromal_aggregatedNeighbors.CD8.T.cells.HLA.DR.,0
NK cells CD56dimCD16+CD9hi_stromal_aggregatedNeighbors.CD4.T.cells.CD80.CD86.,0
NK cells CD56dimCD16+CD9hi_stromal_aggregatedNeighbors.CD8.T.cells.CD80.CD86.,0
NK cells CD56dimCD16+CD9hi_stromal_aggregatedNeighbors.CD4.T.cells.CD11b.,0
NK cells CD56dimCD16+CD9hi_stromal_aggregatedNeighbors.Stroma.mesenchymal,0
NK cells CD56dimCD16+CD9hi_stromal_aggregatedNeighbors.Stroma.vascular.endothelium,0
NK cells CD56dimCD16+CD9hi_stromal_aggregatedNeighbors.Stroma.fibroblast,0
NK cells CD56dimCD16+CD9hi_stromal_aggregatedNeighbors.NK.cells.CD56brCD16.,0
NK cells CD56dimCD16+CD9hi_stromal_aggregatedNeighbors.NK.cells.CD56dimCD16.,0
NK cells CD56dimCD16+CD9hi_stromal_aggregatedNeighbors.NK.cells.CD56brCD16.NKG2Ahi,0
NK cells CD56dimCD16+CD9hi_stromal_aggregatedNeighbors.NK.cells.CD56brCD16.NKG2AhiTIM3hi,0
NK cells CD56dimCD16+CD9hi_stromal_aggregatedNeighbors.NK.cells.CD56brCD16.TIM3hi,0
NK cells CD56dimCD16+CD9hi_stromal_aggregatedNeighbors.NK.cells.CD56dimCD16.CD9hi,0
NK cells CD56dimCD16+CD9hi_stromal_aggregatedNeighbors.NK.cells.CD56brCD16.CD9hi,0
NK cells CD56dimCD16+CD9hi_stromal_aggregatedNeighbors.Macrophages.M1.like,0
NK cells CD56dimCD16+CD9hi_stromal_aggregatedNeighbors.Macrophages.M2.like,0
NK cells CD56dimCD16+CD9hi_stromal_aggregatedNeighbors.Macrophages.M1.M2,0
NK cells CD56dimCD16+CD9hi_stromal_aggregatedNeighbors.Macrophages.MDSC,0
NK cells CD56dimCD16+CD9hi_stromal_aggregatedNeighbors.Dendritic.Cells.CD33.,0
NK cells CD56dimCD16+CD9hi_stromal_aggregatedNeighbors.Dendritic.Cells.CD209CD86dp,0
NK cells CD56dimCD16+_glandfront_aggregatedNeighbors.Gland.mesenchymal,0
NK cells CD56dimCD16+CD9hi_stromal_aggregatedNeighbors.Neutrophils,0
NK cells CD56dimCD16+CD9hi_stromal_aggregatedNeighbors.aSMA.br.fibroblast,0
NK cells CD56dimCD16+CD9hi_stromal_aggregatedNeighbors.aSMA.br.mesenchymal,0
NK cells CD56brCD16-CD9hi_glandfront_aggregatedNeighbors.Gland.mesenchymal,0
NK cells CD56brCD16-CD9hi_glandfront_aggregatedNeighbors.Gland.fibroblast,0
NK cells CD56brCD16-CD9hi_glandfront_aggregatedNeighbors.Gland.vascular.endothelium,0
NK cells CD56brCD16-CD9hi_stromal_aggregatedNeighbors.aSMA.br.epithelial.stem,0
Macrophages M1-like_glandfront_aggregatedNeighbors.CD8.T.cells.FoxP3.,0
Macrophages M1-like_glandfront_aggregatedNeighbors.CD4.T.cells.HLA.DR.,0
Macrophages M1-like_glandfront_aggregatedNeighbors.CD8.T.cells.HLA.DR.,0
Macrophages M1-like_glandfront_aggregatedNeighbors.CD4.T.cells.CD80.CD86.,0
Macrophages M1-like_glandfront_aggregatedNeighbors.CD8.T.cells.CD80.CD86.,0
Macrophages M1-like_glandfront_aggregatedNeighbors.Stroma.mesenchymal,0
Macrophages M1-like_glandfront_aggregatedNeighbors.Stroma.vascular.endothelium,0
Macrophages M1-like_glandfront_aggregatedNeighbors.Stroma.fibroblast,0
Macrophages M1-like_glandfront_aggregatedNeighbors.NK.cells.CD56brCD16.,0
Macrophages M1-like_glandfront_aggregatedNeighbors.NK.cells.CD56dimCD16.,0
Macrophages M1-like_glandfront_aggregatedNeighbors.NK.cells.CD56brCD16.NKG2Ahi,0
Macrophages M1-like_glandfront_aggregatedNeighbors.NK.cells.CD56brCD16.NKG2AhiTIM3hi,0
Macrophages M1-like_glandfront_aggregatedNeighbors.NK.cells.CD56brCD16.TIM3hi,0
Macrophages M1-like_glandfront_aggregatedNeighbors.NK.cells.CD56dimCD16.CD9hi,0
Macrophages M1-like_glandfront_aggregatedNeighbors.NK.cells.CD56brCD16.CD9hi,0
Macrophages M1-like_glandfront_aggregatedNeighbors.Macrophages.M1.like,0
Macrophages M1-like_glandfront_aggregatedNeighbors.Macrophages.M2.like,0
Macrophages M1-like_glandfront_aggregatedNeighbors.Macrophages.M1.M2,0
Macrophages M1-like_glandfront_aggregatedNeighbors.Macrophages.MDSC,0
Macrophages M1-like_glandfront_aggregatedNeighbors.Dendritic.Cells.CD33.,0
Macrophages M1-like_glandfront_aggregatedNeighbors.Dendritic.Cells.CD209CD86dp,0
Macrophages M1-like_glandfront_aggregatedNeighbors.Dendritic.Cells.CD209CD33dp,0
Macrophages M1-like_glandfront_aggregatedNeighbors.Neutrophils,0
Macrophages M1-like_glandfront_aggregatedNeighbors.NKT,0
Macrophages M1-like_glandfront_aggregatedNeighbors.aSMA.br.fibroblast,0
Macrophages M1-like_glandfront_aggregatedNeighbors.aSMA.br.mesenchymal,0
Macrophages M1-like_glandfront_aggregatedNeighbors.aSMA.br.vascular.endothelium,0
Macrophages M1-like_glandfront_aggregatedNeighbors.Gland.glandular.epithelium,0
Macrophages M1-like_glandfront_aggregatedNeighbors.Gland.mesenchymal,0
NK cells CD56brCD16-CD9hi_stromal_aggregatedNeighbors.aSMA.br.glandular.epithelium,0
NK cells CD56brCD16-CD9hi_stromal_aggregatedNeighbors.Gland.vascular.endothelium,0
NK cells CD56brCD16-CD9hi_glandfront_aggregatedNeighbors.aSMA.br.epithelial.stem,0
NK cells CD56brCD16-CD9hi_stromal_aggregatedNeighbors.Gland.fibroblast,0
NK cells CD56brCD16-CD9hi_glandfront_aggregatedNeighbors.aSMA.br.glandular.epithelium,0
NK cells CD56brCD16-CD9hi_stromal_aggregatedNeighbors.CD8.T.cells.FoxP3.,0
NK cells CD56brCD16-CD9hi_stromal_aggregatedNeighbors.CD4.T.cells.HLA.DR.,0
NK cells CD56brCD16-CD9hi_stromal_aggregatedNeighbors.CD8.T.cells.HLA.DR.,0
NK cells CD56brCD16-CD9hi_stromal_aggregatedNeighbors.CD4.T.cells.CD80.CD86.,0
NK cells CD56brCD16-CD9hi_stromal_aggregatedNeighbors.CD8.T.cells.CD80.CD86.,0
NK cells CD56brCD16-CD9hi_stromal_aggregatedNeighbors.CD4.T.cells.CD11b.,0
NK cells CD56brCD16-CD9hi_stromal_aggregatedNeighbors.Stroma.mesenchymal,0
NK cells CD56brCD16-CD9hi_stromal_aggregatedNeighbors.Stroma.vascular.endothelium,0
NK cells CD56brCD16-CD9hi_stromal_aggregatedNeighbors.Stroma.fibroblast,0
NK cells CD56brCD16-CD9hi_stromal_aggregatedNeighbors.NK.cells.CD56brCD16.,0
NK cells CD56brCD16-CD9hi_stromal_aggregatedNeighbors.NK.cells.CD56dimCD16.,0
NK cells CD56brCD16-CD9hi_stromal_aggregatedNeighbors.NK.cells.CD56brCD16.NKG2Ahi,0
NK cells CD56brCD16-CD9hi_stromal_aggregatedNeighbors.NK.cells.CD56brCD16.NKG2AhiTIM3hi,0
NK cells CD56brCD16-CD9hi_stromal_aggregatedNeighbors.NK.cells.CD56brCD16.TIM3hi,0
NK cells CD56brCD16-CD9hi_stromal_aggregatedNeighbors.NK.cells.CD56dimCD16.CD9hi,0
NK cells CD56brCD16-CD9hi_stromal_aggregatedNeighbors.NK.cells.CD56brCD16.CD9hi,0
NK cells CD56brCD16-CD9hi_stromal_aggregatedNeighbors.Macrophages.M1.like,0
NK cells CD56brCD16-CD9hi_stromal_aggregatedNeighbors.Macrophages.M2.like,0
NK cells CD56brCD16-CD9hi_stromal_aggregatedNeighbors.Macrophages.M1.M2,0
NK cells CD56brCD16-CD9hi_stromal_aggregatedNeighbors.Macrophages.MDSC,0
NK cells CD56brCD16-CD9hi_stromal_aggregatedNeighbors.Dendritic.Cells.CD33.,0
NK cells CD56brCD16-CD9hi_stromal_aggregatedNeighbors.Dendritic.Cells.CD209CD86dp,0
NK cells CD56brCD16-CD9hi_stromal_aggregatedNeighbors.Dendritic.Cells.CD209CD33dp,0
NK cells CD56brCD16-CD9hi_stromal_aggregatedNeighbors.Neutrophils,0
NK cells CD56brCD16-CD9hi_stromal_aggregatedNeighbors.aSMA.br.fibroblast,0
NK cells CD56brCD16-CD9hi_stromal_aggregatedNeighbors.aSMA.br.mesenchymal,0
NK cells CD56brCD16-CD9hi_stromal_aggregatedNeighbors.aSMA.br.vascular.endothelium,0
NK cells CD56brCD16-CD9hi_stromal_aggregatedNeighbors.Gland.mesenchymal,0
NK cells CD56dimCD16+_glandfront_aggregatedNeighbors.Gland.fibroblast,0
NK cells CD56dimCD16+_glandfront_aggregatedNeighbors.Dendritic.Cells.CD33.,0
NK cells CD56dimCD16+_glandfront_aggregatedNeighbors.Gland.glandular.epithelium,0
CD8 T cells CD11b+_glandfront_aggregatedNeighbors.Stroma.vascular.endothelium,0
CD8 T cells CD11b+_glandfront_aggregatedNeighbors.NK.cells.CD56brCD16.TIM3hi,0
CD8 T cells CD11b+_glandfront_aggregatedNeighbors.NK.cells.CD56brCD16.NKG2AhiTIM3hi,0
CD8 T cells CD11b+_glandfront_aggregatedNeighbors.NK.cells.CD56brCD16.NKG2Ahi,0
CD8 T cells CD11b+_glandfront_aggregatedNeighbors.NK.cells.CD56dimCD16.,0
CD8 T cells CD11b+_glandfront_aggregatedNeighbors.NK.cells.CD56brCD16.,0
CD8 T cells CD11b+_glandfront_aggregatedNeighbors.Stroma.fibroblast,0
CD8 T cells CD11b+_glandfront_aggregatedNeighbors.Stroma.mesenchymal,0
CD8 T cells CD11b+_glandfront_aggregatedNeighbors.NK.cells.CD56brCD16.CD9hi,0
CD8 T cells CD11b+_glandfront_aggregatedNeighbors.CD8.T.cells.CD80.CD86.,0
CD8 T cells CD11b+_glandfront_aggregatedNeighbors.CD4.T.cells.CD80.CD86.,0
CD8 T cells CD11b+_glandfront_aggregatedNeighbors.CD8.T.cells.HLA.DR.,0
CD8 T cells CD11b+_glandfront_aggregatedNeighbors.CD4.T.cells.HLA.DR.,0
CD8 T cells CD11b+_glandfront_aggregatedNeighbors.CD8.T.cells.FoxP3.,0
CD8 T cells CD11b+_0_aggregatedNeighbors.aSMA.br.glandular.epithelium,0
CD8 T cells CD11b+_glandfront_aggregatedNeighbors.NK.cells.CD56dimCD16.CD9hi,0
CD8 T cells CD11b+_glandfront_aggregatedNeighbors.Macrophages.M1.like,0
CD8 T cells CD11b+_0_aggregatedNeighbors.aSMA.br.vascular.endothelium,0
CD8 T cells CD11b+_glandfront_aggregatedNeighbors.aSMA.br.fibroblast,0
CD8 T cells CD11b+_glandfront_aggregatedNeighbors.Gland.vascular.endothelium,0
CD8 T cells CD11b+_glandfront_aggregatedNeighbors.Gland.fibroblast,0
CD8 T cells CD11b+_glandfront_aggregatedNeighbors.Gland.mesenchymal,0
CD8 T cells CD11b+_glandfront_aggregatedNeighbors.Gland.glandular.epithelium,0
CD8 T cells CD11b+_glandfront_aggregatedNeighbors.aSMA.br.vascular.endothelium,0
CD8 T cells CD11b+_glandfront_aggregatedNeighbors.aSMA.br.mesenchymal,0
CD8 T cells CD11b+_glandfront_aggregatedNeighbors.NKT,0
CD8 T cells CD11b+_glandfront_aggregatedNeighbors.Macrophages.M2.like,0
CD8 T cells CD11b+_glandfront_aggregatedNeighbors.Neutrophils,0
CD8 T cells CD11b+_glandfront_aggregatedNeighbors.Dendritic.Cells.CD209CD33dp,0
CD8 T cells CD11b+_glandfront_aggregatedNeighbors.Dendritic.Cells.CD209CD86dp,0
CD8 T cells CD11b+_glandfront_aggregatedNeighbors.Dendritic.Cells.CD33.,0
CD8 T cells CD11b+_glandfront_aggregatedNeighbors.Macrophages.MDSC,0
CD8 T cells CD11b+_glandfront_aggregatedNeighbors.Macrophages.M1.M2,0
CD8 T cells CD11b+_0_aggregatedNeighbors.aSMA.br.epithelial.stem,0
CD8 T cells CD11b+_0_aggregatedNeighbors.aSMA.br.mesenchymal,0
CD4 T cells CD11b+_stromal_aggregatedNeighbors.NK.cells.CD56dimCD16.,0
CD4 T cells CD11b+_stromal_aggregatedNeighbors.Macrophages.MDSC,0
CD4 T cells CD11b+_stromal_aggregatedNeighbors.aSMA.br.mesenchymal,0
CD4 T cells CD11b+_stromal_aggregatedNeighbors.aSMA.br.fibroblast,0
CD4 T cells CD11b+_stromal_aggregatedNeighbors.Neutrophils,0
CD4 T cells CD11b+_stromal_aggregatedNeighbors.Dendritic.Cells.CD209CD33dp,0
CD4 T cells CD11b+_stromal_aggregatedNeighbors.Dendritic.Cells.CD209CD86dp,0
CD4 T cells CD11b+_stromal_aggregatedNeighbors.Dendritic.Cells.CD33.,0
CD4 T cells CD11b+_stromal_aggregatedNeighbors.Macrophages.M1.M2,0
CD4 T cells CD11b+_stromal_aggregatedNeighbors.Gland.mesenchymal,0
CD4 T cells CD11b+_stromal_aggregatedNeighbors.Macrophages.M2.like,0
CD4 T cells CD11b+_stromal_aggregatedNeighbors.Macrophages.M1.like,0
CD4 T cells CD11b+_stromal_aggregatedNeighbors.NK.cells.CD56brCD16.CD9hi,0
CD4 T cells CD11b+_stromal_aggregatedNeighbors.NK.cells.CD56dimCD16.CD9hi,0
CD4 T cells CD11b+_stromal_aggregatedNeighbors.NK.cells.CD56brCD16.TIM3hi,0
CD4 T cells CD11b+_stromal_aggregatedNeighbors.NK.cells.CD56brCD16.NKG2AhiTIM3hi,0
CD4 T cells CD11b+_stromal_aggregatedNeighbors.aSMA.br.vascular.endothelium,0
CD4 T cells CD11b+_stromal_aggregatedNeighbors.Gland.fibroblast,0
CD8 T cells CD11b+_0_aggregatedNeighbors.aSMA.br.fibroblast,0
CD8 T cells CD11b+_0_aggregatedNeighbors.NK.cells.CD56brCD16.NKG2Ahi,0
CD8 T cells CD11b+_0_aggregatedNeighbors.Macrophages.M1.M2,0
CD8 T cells CD11b+_0_aggregatedNeighbors.Macrophages.M2.like,0
CD8 T cells CD11b+_0_aggregatedNeighbors.Macrophages.M1.like,0
CD8 T cells CD11b+_0_aggregatedNeighbors.NK.cells.CD56brCD16.CD9hi,0
CD8 T cells CD11b+_0_aggregatedNeighbors.NK.cells.CD56brCD16.TIM3hi,0
CD8 T cells CD11b+_0_aggregatedNeighbors.NK.cells.CD56brCD16.NKG2AhiTIM3hi,0
CD8 T cells CD11b+_0_aggregatedNeighbors.NK.cells.CD56brCD16.,0
CD4 T cells CD11b+_stromal_aggregatedNeighbors.Gland.vascular.endothelium,0
CD8 T cells CD11b+_0_aggregatedNeighbors.CD8.T.cells.CD80.CD86.,0
CD8 T cells CD11b+_0_aggregatedNeighbors.CD4.T.cells.CD80.CD86.,0
CD8 T cells CD11b+_0_aggregatedNeighbors.CD8.T.cells.HLA.DR.,0
CD8 T cells CD11b+_0_aggregatedNeighbors.CD4.T.cells.HLA.DR.,0
CD4 T cells CD11b+_stromal_aggregatedNeighbors.aSMA.br.glandular.epithelium,0
CD4 T cells CD11b+_stromal_aggregatedNeighbors.aSMA.br.epithelial.stem,0
CD8 T cells CD11b+_glandfront_aggregatedNeighbors.aSMA.br.epithelial.stem,0
CD8 T cells CD11b+_glandfront_aggregatedNeighbors.aSMA.br.glandular.epithelium,0
CD8 T cells CD11b+_intragland_aggregatedNeighbors.CD4.T.cells.HLA.DR.,0
CD8 T cells CD11b+_stromal_aggregatedNeighbors.aSMA.br.fibroblast,0
CD8 T cells CD11b+_stromal_aggregatedNeighbors.aSMA.br.epithelial.stem,0
CD8 T cells CD11b+_stromal_aggregatedNeighbors.Gland.vascular.endothelium,0
CD8 T cells CD11b+_stromal_aggregatedNeighbors.Gland.fibroblast,0
CD8 T cells CD11b+_stromal_aggregatedNeighbors.Gland.mesenchymal,0
CD8 T cells CD11b+_stromal_aggregatedNeighbors.aSMA.br.vascular.endothelium,0
CD8 T cells CD11b+_stromal_aggregatedNeighbors.aSMA.br.mesenchymal,0
CD8 T cells CD11b+_stromal_aggregatedNeighbors.Neutrophils,0
Stroma mesenchymal_glandfront_aggregatedNeighbors.CD8.T.cells.FoxP3.,0
CD8 T cells CD11b+_stromal_aggregatedNeighbors.Dendritic.Cells.CD209CD33dp,0
CD8 T cells CD11b+_stromal_aggregatedNeighbors.Dendritic.Cells.CD209CD86dp,0
CD8 T cells CD11b+_stromal_aggregatedNeighbors.Dendritic.Cells.CD33.,0
CD8 T cells CD11b+_stromal_aggregatedNeighbors.Macrophages.MDSC,0
CD8 T cells CD11b+_stromal_aggregatedNeighbors.Macrophages.M1.M2,0
CD8 T cells CD11b+_stromal_aggregatedNeighbors.Macrophages.M2.like,0
CD8 T cells CD11b+_stromal_aggregatedNeighbors.aSMA.br.glandular.epithelium,0
Stroma mesenchymal_glandfront_aggregatedNeighbors.CD4.T.cells.HLA.DR.,0
CD8 T cells CD11b+_intragland_aggregatedNeighbors.CD8.T.cells.HLA.DR.,0
Stroma mesenchymal_glandfront_aggregatedNeighbors.NK.cells.CD56brCD16.NKG2Ahi,0
Stroma mesenchymal_glandfront_aggregatedNeighbors.Macrophages.M2.like,0
Stroma mesenchymal_glandfront_aggregatedNeighbors.Macrophages.M1.like,0
Stroma mesenchymal_glandfront_aggregatedNeighbors.NK.cells.CD56brCD16.CD9hi,0
Stroma mesenchymal_glandfront_aggregatedNeighbors.NK.cells.CD56dimCD16.CD9hi,0
Stroma mesenchymal_glandfront_aggregatedNeighbors.NK.cells.CD56brCD16.TIM3hi,0
Stroma mesenchymal_glandfront_aggregatedNeighbors.NK.cells.CD56brCD16.NKG2AhiTIM3hi,0
Stroma mesenchymal_glandfront_aggregatedNeighbors.NK.cells.CD56dimCD16.,0
Stroma mesenchymal_glandfront_aggregatedNeighbors.CD8.T.cells.HLA.DR.,0
Stroma mesenchymal_glandfront_aggregatedNeighbors.NK.cells.CD56brCD16.,0
Stroma mesenchymal_glandfront_aggregatedNeighbors.Stroma.fibroblast,0
Stroma mesenchymal_glandfront_aggregatedNeighbors.Stroma.vascular.endothelium,0
Stroma mesenchymal_glandfront_aggregatedNeighbors.Stroma.mesenchymal,0
Stroma mesenchymal_glandfront_aggregatedNeighbors.CD8.T.cells.CD80.CD86.,0
Stroma mesenchymal_glandfront_aggregatedNeighbors.CD4.T.cells.CD80.CD86.,0
CD8 T cells CD11b+_stromal_aggregatedNeighbors.Macrophages.M1.like,0
CD8 T cells CD11b+_stromal_aggregatedNeighbors.NK.cells.CD56brCD16.CD9hi,0
CD8 T cells CD11b+_stromal_aggregatedNeighbors.NK.cells.CD56dimCD16.CD9hi,0
CD8 T cells CD11b+_intragland_aggregatedNeighbors.Macrophages.M1.like,0
CD8 T cells CD11b+_intragland_aggregatedNeighbors.Gland.glandular.epithelium,0
CD8 T cells CD11b+_intragland_aggregatedNeighbors.aSMA.br.vascular.endothelium,0
CD8 T cells CD11b+_intragland_aggregatedNeighbors.aSMA.br.mesenchymal,0
CD8 T cells CD11b+_intragland_aggregatedNeighbors.aSMA.br.fibroblast,0
CD8 T cells CD11b+_intragland_aggregatedNeighbors.Macrophages.M1.M2,0
CD8 T cells CD11b+_intragland_aggregatedNeighbors.Macrophages.M2.like,0
CD8 T cells CD11b+_intragland_aggregatedNeighbors.NK.cells.CD56brCD16.CD9hi,0
CD8 T cells CD11b+_stromal_aggregatedNeighbors.NK.cells.CD56brCD16.TIM3hi,0
CD8 T cells CD11b+_intragland_aggregatedNeighbors.NK.cells.CD56brCD16.TIM3hi,0
CD8 T cells CD11b+_intragland_aggregatedNeighbors.NK.cells.CD56brCD16.NKG2AhiTIM3hi,0
CD8 T cells CD11b+_intragland_aggregatedNeighbors.NK.cells.CD56brCD16.NKG2Ahi,0
CD8 T cells CD11b+_intragland_aggregatedNeighbors.NK.cells.CD56brCD16.,0
CD8 T cells CD11b+_intragland_aggregatedNeighbors.CD8.T.cells.CD80.CD86.,0
CD8 T cells CD11b+_intragland_aggregatedNeighbors.CD4.T.cells.CD80.CD86.,0
CD8 T cells CD11b+_intragland_aggregatedNeighbors.Gland.mesenchymal,0
CD8 T cells CD11b+_intragland_aggregatedNeighbors.Gland.fibroblast,0
CD8 T cells CD11b+_intragland_aggregatedNeighbors.aSMA.br.epithelial.stem,0
CD8 T cells CD11b+_intragland_aggregatedNeighbors.aSMA.br.glandular.epithelium,0
CD8 T cells CD11b+_stromal_aggregatedNeighbors.CD8.T.cells.FoxP3.,0
CD8 T cells CD11b+_stromal_aggregatedNeighbors.CD4.T.cells.HLA.DR.,0
CD8 T cells CD11b+_stromal_aggregatedNeighbors.CD8.T.cells.HLA.DR.,0
CD8 T cells CD11b+_stromal_aggregatedNeighbors.CD4.T.cells.CD80.CD86.,0
CD8 T cells CD11b+_stromal_aggregatedNeighbors.CD8.T.cells.CD80.CD86.,0
CD8 T cells CD11b+_stromal_aggregatedNeighbors.CD4.T.cells.CD11b.,0
CD8 T cells CD11b+_stromal_aggregatedNeighbors.Stroma.mesenchymal,0
CD8 T cells CD11b+_stromal_aggregatedNeighbors.Stroma.vascular.endothelium,0
CD8 T cells CD11b+_stromal_aggregatedNeighbors.Stroma.fibroblast,0
CD8 T cells CD11b+_stromal_aggregatedNeighbors.NK.cells.CD56brCD16.,0
CD8 T cells CD11b+_stromal_aggregatedNeighbors.NK.cells.CD56dimCD16.,0
CD8 T cells CD11b+_stromal_aggregatedNeighbors.NK.cells.CD56brCD16.NKG2Ahi,0
CD8 T cells CD11b+_stromal_aggregatedNeighbors.NK.cells.CD56brCD16.NKG2AhiTIM3hi,0
CD4 T cells CD11b+_stromal_aggregatedNeighbors.NK.cells.CD56brCD16.NKG2Ahi,0
CD4 T cells CD11b+_stromal_aggregatedNeighbors.NK.cells.CD56brCD16.,0
Stroma mesenchymal_glandfront_aggregatedNeighbors.Macrophages.MDSC,0
CD8 T cells CD80/CD86+_stromal_aggregatedNeighbors.NK.cells.CD56dimCD16.CD9hi,0
CD8 T cells CD80/CD86+_stromal_aggregatedNeighbors.Dendritic.Cells.CD33.,0
CD8 T cells CD80/CD86+_stromal_aggregatedNeighbors.Macrophages.MDSC,0
CD8 T cells CD80/CD86+_stromal_aggregatedNeighbors.Macrophages.M1.M2,0
CD8 T cells CD80/CD86+_stromal_aggregatedNeighbors.Macrophages.M2.like,0
CD8 T cells CD80/CD86+_stromal_aggregatedNeighbors.Macrophages.M1.like,0
CD8 T cells CD80/CD86+_stromal_aggregatedNeighbors.NK.cells.CD56brCD16.CD9hi,0
CD8 T cells CD80/CD86+_stromal_aggregatedNeighbors.NK.cells.CD56brCD16.TIM3hi,0
CD8 T cells CD80/CD86+_stromal_aggregatedNeighbors.Dendritic.Cells.CD209CD33dp,0
CD8 T cells CD80/CD86+_stromal_aggregatedNeighbors.NK.cells.CD56brCD16.NKG2AhiTIM3hi,0
CD8 T cells CD80/CD86+_stromal_aggregatedNeighbors.NK.cells.CD56brCD16.NKG2Ahi,0
CD8 T cells CD80/CD86+_stromal_aggregatedNeighbors.NK.cells.CD56dimCD16.,0
CD8 T cells CD80/CD86+_stromal_aggregatedNeighbors.NK.cells.CD56brCD16.,0
CD8 T cells CD80/CD86+_stromal_aggregatedNeighbors.Stroma.fibroblast,0
CD8 T cells CD80/CD86+_stromal_aggregatedNeighbors.Stroma.vascular.endothelium,0
CD8 T cells CD80/CD86+_stromal_aggregatedNeighbors.Dendritic.Cells.CD209CD86dp,0
CD8 T cells CD80/CD86+_stromal_aggregatedNeighbors.Neutrophils,0
CD8 T cells CD80/CD86+_stromal_aggregatedNeighbors.CD4.T.cells.CD11b.,0
CD4 T cells CD11b+_0_aggregatedNeighbors.CD4.T.cells.HLA.DR.,0
CD4 T cells CD11b+_0_aggregatedNeighbors.NK.cells.CD56brCD16.NKG2AhiTIM3hi,0
CD4 T cells CD11b+_0_aggregatedNeighbors.NK.cells.CD56brCD16.NKG2Ahi,0
CD4 T cells CD11b+_0_aggregatedNeighbors.NK.cells.CD56brCD16.,0
CD4 T cells CD11b+_0_aggregatedNeighbors.CD8.T.cells.CD80.CD86.,0
CD4 T cells CD11b+_0_aggregatedNeighbors.CD4.T.cells.CD80.CD86.,0
CD4 T cells CD11b+_0_aggregatedNeighbors.CD8.T.cells.HLA.DR.,0
CD8 T cells CD80/CD86+_stromal_aggregatedNeighbors.aSMA.br.glandular.epithelium,0
CD8 T cells CD80/CD86+_stromal_aggregatedNeighbors.aSMA.br.fibroblast,0
CD8 T cells CD80/CD86+_stromal_aggregatedNeighbors.aSMA.br.epithelial.stem,0
CD8 T cells CD80/CD86+_stromal_aggregatedNeighbors.Gland.vascular.endothelium,0
CD8 T cells CD80/CD86+_stromal_aggregatedNeighbors.Gland.fibroblast,0
CD8 T cells CD80/CD86+_stromal_aggregatedNeighbors.Gland.mesenchymal,0
CD8 T cells CD80/CD86+_stromal_aggregatedNeighbors.aSMA.br.vascular.endothelium,0
CD8 T cells CD80/CD86+_stromal_aggregatedNeighbors.aSMA.br.mesenchymal,0
CD8 T cells CD80/CD86+_stromal_aggregatedNeighbors.Stroma.mesenchymal,0
CD8 T cells CD80/CD86+_stromal_aggregatedNeighbors.CD8.T.cells.CD80.CD86.,0
CD4 T cells CD11b+_stromal_aggregatedNeighbors.Stroma.fibroblast,0
CD8 T cells CD80/CD86+_glandfront_aggregatedNeighbors.aSMA.br.epithelial.stem,0
CD8 T cells CD80/CD86+_intragland_aggregatedNeighbors.NK.cells.CD56brCD16.,0
CD8 T cells CD80/CD86+_intragland_aggregatedNeighbors.CD8.T.cells.CD80.CD86.,0
CD8 T cells CD80/CD86+_intragland_aggregatedNeighbors.CD4.T.cells.CD80.CD86.,0
CD8 T cells CD80/CD86+_intragland_aggregatedNeighbors.CD8.T.cells.HLA.DR.,0
CD8 T cells CD80/CD86+_intragland_aggregatedNeighbors.CD4.T.cells.HLA.DR.,0
CD8 T cells CD80/CD86+_glandfront_aggregatedNeighbors.aSMA.br.glandular.epithelium,0
CD8 T cells CD80/CD86+_glandfront_aggregatedNeighbors.Gland.vascular.endothelium,0
CD8 T cells CD80/CD86+_intragland_aggregatedNeighbors.NK.cells.CD56brCD16.NKG2AhiTIM3hi,0
CD8 T cells CD80/CD86+_glandfront_aggregatedNeighbors.Gland.fibroblast,0
CD8 T cells CD80/CD86+_glandfront_aggregatedNeighbors.Gland.mesenchymal,0
CD8 T cells CD80/CD86+_glandfront_aggregatedNeighbors.Gland.glandular.epithelium,0
CD8 T cells CD80/CD86+_glandfront_aggregatedNeighbors.aSMA.br.vascular.endothelium,0
CD8 T cells CD80/CD86+_glandfront_aggregatedNeighbors.aSMA.br.mesenchymal,0
CD8 T cells CD80/CD86+_glandfront_aggregatedNeighbors.aSMA.br.fibroblast,0
CD8 T cells CD80/CD86+_intragland_aggregatedNeighbors.NK.cells.CD56brCD16.NKG2Ahi,0
CD8 T cells CD80/CD86+_intragland_aggregatedNeighbors.NK.cells.CD56brCD16.TIM3hi,0
CD8 T cells CD80/CD86+_stromal_aggregatedNeighbors.CD4.T.cells.CD80.CD86.,0
CD8 T cells CD80/CD86+_intragland_aggregatedNeighbors.Gland.mesenchymal,0
CD8 T cells CD80/CD86+_stromal_aggregatedNeighbors.CD8.T.cells.HLA.DR.,0
CD8 T cells CD80/CD86+_stromal_aggregatedNeighbors.CD4.T.cells.HLA.DR.,0
CD8 T cells CD80/CD86+_stromal_aggregatedNeighbors.CD8.T.cells.FoxP3.,0
CD8 T cells CD80/CD86+_intragland_aggregatedNeighbors.aSMA.br.glandular.epithelium,0
CD8 T cells CD80/CD86+_intragland_aggregatedNeighbors.aSMA.br.epithelial.stem,0
CD8 T cells CD80/CD86+_intragland_aggregatedNeighbors.Gland.fibroblast,0
CD8 T cells CD80/CD86+_intragland_aggregatedNeighbors.Gland.glandular.epithelium,0
CD8 T cells CD80/CD86+_intragland_aggregatedNeighbors.NK.cells.CD56brCD16.CD9hi,0
CD8 T cells CD80/CD86+_intragland_aggregatedNeighbors.aSMA.br.vascular.endothelium,0
CD8 T cells CD80/CD86+_intragland_aggregatedNeighbors.aSMA.br.mesenchymal,0
CD8 T cells CD80/CD86+_intragland_aggregatedNeighbors.aSMA.br.fibroblast,0
CD8 T cells CD80/CD86+_intragland_aggregatedNeighbors.Macrophages.M1.M2,0
CD8 T cells CD80/CD86+_intragland_aggregatedNeighbors.Macrophages.M2.like,0
CD8 T cells CD80/CD86+_intragland_aggregatedNeighbors.Macrophages.M1.like,0
CD4 T cells CD11b+_0_aggregatedNeighbors.NK.cells.CD56brCD16.TIM3hi,0
CD4 T cells CD11b+_0_aggregatedNeighbors.NK.cells.CD56brCD16.CD9hi,0
CD4 T cells CD11b+_0_aggregatedNeighbors.Macrophages.M1.like,0
CD4 T cells CD11b+_intragland_aggregatedNeighbors.CD8.T.cells.CD80.CD86.,0
CD4 T cells CD11b+_intragland_aggregatedNeighbors.Macrophages.M1.like,0
CD4 T cells CD11b+_intragland_aggregatedNeighbors.NK.cells.CD56brCD16.CD9hi,0
CD4 T cells CD11b+_intragland_aggregatedNeighbors.NK.cells.CD56brCD16.TIM3hi,0
CD4 T cells CD11b+_intragland_aggregatedNeighbors.NK.cells.CD56brCD16.NKG2AhiTIM3hi,0
CD4 T cells CD11b+_intragland_aggregatedNeighbors.NK.cells.CD56brCD16.NKG2Ahi,0
CD4 T cells CD11b+_intragland_aggregatedNeighbors.NK.cells.CD56brCD16.,0
CD4 T cells CD11b+_intragland_aggregatedNeighbors.CD4.T.cells.CD80.CD86.,0
CD4 T cells CD11b+_intragland_aggregatedNeighbors.Macrophages.M1.M2,0
CD4 T cells CD11b+_intragland_aggregatedNeighbors.CD8.T.cells.HLA.DR.,0
CD4 T cells CD11b+_intragland_aggregatedNeighbors.CD4.T.cells.HLA.DR.,0
CD4 T cells CD11b+_glandfront_aggregatedNeighbors.aSMA.br.glandular.epithelium,0
CD4 T cells CD11b+_glandfront_aggregatedNeighbors.aSMA.br.epithelial.stem,0
CD4 T cells CD11b+_glandfront_aggregatedNeighbors.Gland.vascular.endothelium,0
CD4 T cells CD11b+_glandfront_aggregatedNeighbors.Gland.fibroblast,0
CD4 T cells CD11b+_intragland_aggregatedNeighbors.Macrophages.M2.like,0
CD4 T cells CD11b+_intragland_aggregatedNeighbors.aSMA.br.fibroblast,0
CD4 T cells CD11b+_0_aggregatedNeighbors.Macrophages.M2.like,0
CD4 T cells CD11b+_stromal_aggregatedNeighbors.CD4.T.cells.HLA.DR.,0
CD4 T cells CD11b+_stromal_aggregatedNeighbors.Stroma.vascular.endothelium,0
CD4 T cells CD11b+_stromal_aggregatedNeighbors.Stroma.mesenchymal,0
CD4 T cells CD11b+_stromal_aggregatedNeighbors.CD4.T.cells.CD11b.,0
CD4 T cells CD11b+_stromal_aggregatedNeighbors.CD8.T.cells.CD80.CD86.,0
CD4 T cells CD11b+_stromal_aggregatedNeighbors.CD4.T.cells.CD80.CD86.,0
CD4 T cells CD11b+_stromal_aggregatedNeighbors.CD8.T.cells.HLA.DR.,0
CD4 T cells CD11b+_stromal_aggregatedNeighbors.CD8.T.cells.FoxP3.,0
CD4 T cells CD11b+_intragland_aggregatedNeighbors.aSMA.br.mesenchymal,0
CD4 T cells CD11b+_intragland_aggregatedNeighbors.aSMA.br.glandular.epithelium,0
CD4 T cells CD11b+_intragland_aggregatedNeighbors.aSMA.br.epithelial.stem,0
CD4 T cells CD11b+_intragland_aggregatedNeighbors.Gland.fibroblast,0
CD4 T cells CD11b+_intragland_aggregatedNeighbors.Gland.mesenchymal,0
CD4 T cells CD11b+_intragland_aggregatedNeighbors.Gland.glandular.epithelium,0
CD4 T cells CD11b+_intragland_aggregatedNeighbors.aSMA.br.vascular.endothelium,0
CD4 T cells CD11b+_glandfront_aggregatedNeighbors.Gland.mesenchymal,0
CD4 T cells CD11b+_glandfront_aggregatedNeighbors.Gland.glandular.epithelium,0
CD4 T cells CD11b+_glandfront_aggregatedNeighbors.aSMA.br.vascular.endothelium,0
CD4 T cells CD11b+_glandfront_aggregatedNeighbors.CD4.T.cells.HLA.DR.,0
CD4 T cells CD11b+_glandfront_aggregatedNeighbors.Stroma.fibroblast,0
CD4 T cells CD11b+_glandfront_aggregatedNeighbors.Stroma.vascular.endothelium,0
CD4 T cells CD11b+_glandfront_aggregatedNeighbors.Stroma.mesenchymal,0
CD4 T cells CD11b+_glandfront_aggregatedNeighbors.CD8.T.cells.CD80.CD86.,0
CD4 T cells CD11b+_glandfront_aggregatedNeighbors.CD4.T.cells.CD80.CD86.,0
CD4 T cells CD11b+_glandfront_aggregatedNeighbors.CD8.T.cells.HLA.DR.,0
CD4 T cells CD11b+_glandfront_aggregatedNeighbors.CD8.T.cells.FoxP3.,0
CD4 T cells CD11b+_glandfront_aggregatedNeighbors.aSMA.br.mesenchymal,0
CD4 T cells CD11b+_0_aggregatedNeighbors.aSMA.br.glandular.epithelium,0
CD4 T cells CD11b+_0_aggregatedNeighbors.aSMA.br.epithelial.stem,0
CD4 T cells CD11b+_0_aggregatedNeighbors.aSMA.br.vascular.endothelium,0
CD4 T cells CD11b+_0_aggregatedNeighbors.aSMA.br.mesenchymal,0
CD4 T cells CD11b+_0_aggregatedNeighbors.aSMA.br.fibroblast,0
CD4 T cells CD11b+_0_aggregatedNeighbors.Macrophages.M1.M2,0
CD4 T cells CD11b+_glandfront_aggregatedNeighbors.NK.cells.CD56brCD16.,0
CD4 T cells CD11b+_glandfront_aggregatedNeighbors.NK.cells.CD56dimCD16.,0
CD4 T cells CD11b+_glandfront_aggregatedNeighbors.NK.cells.CD56brCD16.NKG2Ahi,0
CD4 T cells CD11b+_glandfront_aggregatedNeighbors.NK.cells.CD56brCD16.NKG2AhiTIM3hi,0
CD4 T cells CD11b+_glandfront_aggregatedNeighbors.NK.cells.CD56brCD16.TIM3hi,0
CD4 T cells CD11b+_glandfront_aggregatedNeighbors.NK.cells.CD56dimCD16.CD9hi,0
CD4 T cells CD11b+_glandfront_aggregatedNeighbors.NK.cells.CD56brCD16.CD9hi,0
CD4 T cells CD11b+_glandfront_aggregatedNeighbors.Macrophages.M1.like,0
CD4 T cells CD11b+_glandfront_aggregatedNeighbors.Macrophages.M2.like,0
CD4 T cells CD11b+_glandfront_aggregatedNeighbors.Macrophages.M1.M2,0
CD4 T cells CD11b+_glandfront_aggregatedNeighbors.Macrophages.MDSC,0
CD4 T cells CD11b+_glandfront_aggregatedNeighbors.Dendritic.Cells.CD33.,0
CD4 T cells CD11b+_glandfront_aggregatedNeighbors.Dendritic.Cells.CD209CD86dp,0
CD4 T cells CD11b+_glandfront_aggregatedNeighbors.Dendritic.Cells.CD209CD33dp,0
CD4 T cells CD11b+_glandfront_aggregatedNeighbors.Neutrophils,0
CD4 T cells CD11b+_glandfront_aggregatedNeighbors.NKT,0
CD4 T cells CD11b+_glandfront_aggregatedNeighbors.aSMA.br.fibroblast,0
Stroma mesenchymal_glandfront_aggregatedNeighbors.Macrophages.M1.M2,0
Stroma mesenchymal_glandfront_aggregatedNeighbors.Dendritic.Cells.CD33.,0
NK cells CD56dimCD16+_glandfront_aggregatedNeighbors.aSMA.br.vascular.endothelium,0
NK cells CD56brCD16-_glandfront_aggregatedNeighbors.NK.cells.CD56brCD16.TIM3hi,0
NK cells CD56brCD16-_glandfront_aggregatedNeighbors.Macrophages.MDSC,0
NK cells CD56brCD16-_glandfront_aggregatedNeighbors.Macrophages.M1.M2,0
NK cells CD56brCD16-_glandfront_aggregatedNeighbors.Macrophages.M2.like,0
NK cells CD56brCD16-_glandfront_aggregatedNeighbors.Macrophages.M1.like,0
NK cells CD56brCD16-_glandfront_aggregatedNeighbors.NK.cells.CD56brCD16.CD9hi,0
NK cells CD56brCD16-_glandfront_aggregatedNeighbors.NK.cells.CD56dimCD16.CD9hi,0
NK cells CD56brCD16-_glandfront_aggregatedNeighbors.NK.cells.CD56brCD16.NKG2AhiTIM3hi,0
NK cells CD56brCD16-_glandfront_aggregatedNeighbors.Dendritic.Cells.CD209CD86dp,0
NK cells CD56brCD16-_glandfront_aggregatedNeighbors.NK.cells.CD56brCD16.NKG2Ahi,0
NK cells CD56brCD16-_glandfront_aggregatedNeighbors.NK.cells.CD56dimCD16.,0
NK cells CD56brCD16-_glandfront_aggregatedNeighbors.NK.cells.CD56brCD16.,0
NK cells CD56brCD16-_glandfront_aggregatedNeighbors.Stroma.fibroblast,0
NK cells CD56brCD16-_glandfront_aggregatedNeighbors.Stroma.vascular.endothelium,0
NK cells CD56brCD16-_glandfront_aggregatedNeighbors.Stroma.mesenchymal,0
NK cells CD56brCD16-_glandfront_aggregatedNeighbors.Dendritic.Cells.CD33.,0
NK cells CD56brCD16-_glandfront_aggregatedNeighbors.Dendritic.Cells.CD209CD33dp,0
NK cells CD56brCD16-_glandfront_aggregatedNeighbors.CD4.T.cells.CD80.CD86.,0
NK cells CD56brCD16-_glandfront_aggregatedNeighbors.Gland.vascular.endothelium,0
NK cells CD56brCD16-_stromal_aggregatedNeighbors.CD4.T.cells.CD80.CD86.,0
NK cells CD56brCD16-_stromal_aggregatedNeighbors.CD8.T.cells.HLA.DR.,0
NK cells CD56brCD16-_stromal_aggregatedNeighbors.CD4.T.cells.HLA.DR.,0
NK cells CD56brCD16-_stromal_aggregatedNeighbors.CD8.T.cells.FoxP3.,0
NK cells CD56brCD16-_glandfront_aggregatedNeighbors.aSMA.br.glandular.epithelium,0
NK cells CD56brCD16-_glandfront_aggregatedNeighbors.aSMA.br.epithelial.stem,0
NK cells CD56brCD16-_glandfront_aggregatedNeighbors.Gland.fibroblast,0
NK cells CD56brCD16-_glandfront_aggregatedNeighbors.Neutrophils,0
NK cells CD56brCD16-_glandfront_aggregatedNeighbors.Gland.mesenchymal,0
NK cells CD56brCD16-_glandfront_aggregatedNeighbors.Gland.glandular.epithelium,0
NK cells CD56brCD16-_glandfront_aggregatedNeighbors.aSMA.br.vascular.endothelium,0
NK cells CD56brCD16-_glandfront_aggregatedNeighbors.aSMA.br.mesenchymal,0
NK cells CD56brCD16-_glandfront_aggregatedNeighbors.aSMA.br.fibroblast,0
NK cells CD56brCD16-_glandfront_aggregatedNeighbors.NKT,0
NK cells CD56brCD16-_glandfront_aggregatedNeighbors.CD8.T.cells.CD80.CD86.,0
NK cells CD56brCD16-_glandfront_aggregatedNeighbors.CD8.T.cells.HLA.DR.,0
Stroma fibroblast_glandfront_aggregatedNeighbors.aSMA.br.glandular.epithelium,0
Stroma fibroblast_stromal_aggregatedNeighbors.Stroma.fibroblast,0
Stroma fibroblast_stromal_aggregatedNeighbors.NK.cells.CD56dimCD16.CD9hi,0
Stroma fibroblast_stromal_aggregatedNeighbors.NK.cells.CD56brCD16.TIM3hi,0
Stroma fibroblast_stromal_aggregatedNeighbors.NK.cells.CD56brCD16.NKG2AhiTIM3hi,0
Stroma fibroblast_stromal_aggregatedNeighbors.NK.cells.CD56brCD16.NKG2Ahi,0
Stroma fibroblast_stromal_aggregatedNeighbors.NK.cells.CD56dimCD16.,0
Stroma fibroblast_stromal_aggregatedNeighbors.NK.cells.CD56brCD16.,0
Stroma fibroblast_stromal_aggregatedNeighbors.Stroma.vascular.endothelium,0
Stroma fibroblast_stromal_aggregatedNeighbors.Macrophages.M1.like,0
Stroma fibroblast_stromal_aggregatedNeighbors.Stroma.mesenchymal,0
Stroma fibroblast_stromal_aggregatedNeighbors.CD4.T.cells.CD11b.,0
Stroma fibroblast_stromal_aggregatedNeighbors.CD8.T.cells.CD80.CD86.,0
Stroma fibroblast_stromal_aggregatedNeighbors.CD4.T.cells.CD80.CD86.,0
Stroma fibroblast_stromal_aggregatedNeighbors.CD8.T.cells.HLA.DR.,0
Stroma fibroblast_stromal_aggregatedNeighbors.CD4.T.cells.HLA.DR.,0
Stroma fibroblast_stromal_aggregatedNeighbors.NK.cells.CD56brCD16.CD9hi,0
Stroma fibroblast_stromal_aggregatedNeighbors.Macrophages.M2.like,0
NK cells CD56brCD16-_glandfront_aggregatedNeighbors.CD4.T.cells.HLA.DR.,0
Stroma fibroblast_stromal_aggregatedNeighbors.aSMA.br.vascular.endothelium,0
NK cells CD56brCD16-_glandfront_aggregatedNeighbors.CD8.T.cells.FoxP3.,0
Stroma fibroblast_stromal_aggregatedNeighbors.aSMA.br.glandular.epithelium,0
Stroma fibroblast_stromal_aggregatedNeighbors.aSMA.br.epithelial.stem,0
Stroma fibroblast_stromal_aggregatedNeighbors.Gland.vascular.endothelium,0
Stroma fibroblast_stromal_aggregatedNeighbors.Gland.fibroblast,0
Stroma fibroblast_stromal_aggregatedNeighbors.Gland.mesenchymal,0
Stroma fibroblast_stromal_aggregatedNeighbors.aSMA.br.mesenchymal,0
Stroma fibroblast_stromal_aggregatedNeighbors.Macrophages.M1.M2,0
Stroma fibroblast_stromal_aggregatedNeighbors.aSMA.br.fibroblast,0
Stroma fibroblast_stromal_aggregatedNeighbors.Neutrophils,0
Stroma fibroblast_stromal_aggregatedNeighbors.Dendritic.Cells.CD209CD33dp,0
Stroma fibroblast_stromal_aggregatedNeighbors.Dendritic.Cells.CD209CD86dp,0
Stroma fibroblast_stromal_aggregatedNeighbors.Dendritic.Cells.CD33.,0
Stroma fibroblast_stromal_aggregatedNeighbors.Macrophages.MDSC,0
NK cells CD56brCD16-_stromal_aggregatedNeighbors.CD8.T.cells.CD80.CD86.,0
NK cells CD56brCD16-_stromal_aggregatedNeighbors.CD4.T.cells.CD11b.,0
NK cells CD56brCD16-_stromal_aggregatedNeighbors.Stroma.mesenchymal,0
NK cells CD56dimCD16+_glandfront_aggregatedNeighbors.CD4.T.cells.HLA.DR.,0
NK cells CD56dimCD16+_glandfront_aggregatedNeighbors.Stroma.fibroblast,0
NK cells CD56dimCD16+_glandfront_aggregatedNeighbors.Stroma.vascular.endothelium,0
NK cells CD56dimCD16+_glandfront_aggregatedNeighbors.Stroma.mesenchymal,0
NK cells CD56dimCD16+_glandfront_aggregatedNeighbors.CD8.T.cells.CD80.CD86.,0
NK cells CD56dimCD16+_glandfront_aggregatedNeighbors.CD4.T.cells.CD80.CD86.,0
NK cells CD56dimCD16+_glandfront_aggregatedNeighbors.CD8.T.cells.HLA.DR.,0
NK cells CD56dimCD16+_glandfront_aggregatedNeighbors.CD8.T.cells.FoxP3.,0
NK cells CD56dimCD16+_glandfront_aggregatedNeighbors.NK.cells.CD56dimCD16.,0
NK cells CD56dimCD16+_0_aggregatedNeighbors.aSMA.br.glandular.epithelium,0
NK cells CD56dimCD16+_0_aggregatedNeighbors.aSMA.br.epithelial.stem,0
NK cells CD56dimCD16+_0_aggregatedNeighbors.aSMA.br.vascular.endothelium,0
NK cells CD56dimCD16+_0_aggregatedNeighbors.aSMA.br.mesenchymal,0
NK cells CD56dimCD16+_0_aggregatedNeighbors.aSMA.br.fibroblast,0
NK cells CD56dimCD16+_0_aggregatedNeighbors.Macrophages.M1.M2,0
NK cells CD56dimCD16+_glandfront_aggregatedNeighbors.NK.cells.CD56brCD16.,0
NK cells CD56dimCD16+_glandfront_aggregatedNeighbors.NK.cells.CD56brCD16.NKG2Ahi,0
NK cells CD56brCD16-_stromal_aggregatedNeighbors.Stroma.vascular.endothelium,0
Macrophages M1/M2_stromal_aggregatedNeighbors.CD4.T.cells.HLA.DR.,0
NK cells CD56dimCD16+_glandfront_aggregatedNeighbors.aSMA.br.mesenchymal,0
NK cells CD56dimCD16+_glandfront_aggregatedNeighbors.aSMA.br.fibroblast,0
NK cells CD56dimCD16+_glandfront_aggregatedNeighbors.NKT,0
NK cells CD56dimCD16+_glandfront_aggregatedNeighbors.Neutrophils,0
NK cells CD56dimCD16+_glandfront_aggregatedNeighbors.Dendritic.Cells.CD209CD33dp,0
NK cells CD56dimCD16+_glandfront_aggregatedNeighbors.Dendritic.Cells.CD209CD86dp,0
NK cells CD56dimCD16+_glandfront_aggregatedNeighbors.Macrophages.MDSC,0
NK cells CD56dimCD16+_glandfront_aggregatedNeighbors.NK.cells.CD56brCD16.NKG2AhiTIM3hi,0
NK cells CD56dimCD16+_glandfront_aggregatedNeighbors.Macrophages.M1.M2,0
NK cells CD56dimCD16+_glandfront_aggregatedNeighbors.Macrophages.M2.like,0
NK cells CD56dimCD16+_glandfront_aggregatedNeighbors.Macrophages.M1.like,0
NK cells CD56dimCD16+_glandfront_aggregatedNeighbors.NK.cells.CD56brCD16.CD9hi,0
NK cells CD56dimCD16+_glandfront_aggregatedNeighbors.NK.cells.CD56dimCD16.CD9hi,0
NK cells CD56dimCD16+_glandfront_aggregatedNeighbors.NK.cells.CD56brCD16.TIM3hi,0
NK cells CD56dimCD16+_0_aggregatedNeighbors.Macrophages.M2.like,0
NK cells CD56dimCD16+_0_aggregatedNeighbors.Macrophages.M1.like,0
NK cells CD56dimCD16+_0_aggregatedNeighbors.NK.cells.CD56brCD16.CD9hi,0
NK cells CD56brCD16-_stromal_aggregatedNeighbors.NK.cells.CD56brCD16.CD9hi,0
NK cells CD56brCD16-_stromal_aggregatedNeighbors.Dendritic.Cells.CD209CD86dp,0
NK cells CD56brCD16-_stromal_aggregatedNeighbors.Dendritic.Cells.CD33.,0
NK cells CD56brCD16-_stromal_aggregatedNeighbors.Macrophages.MDSC,0
NK cells CD56brCD16-_stromal_aggregatedNeighbors.Macrophages.M1.M2,0
NK cells CD56brCD16-_stromal_aggregatedNeighbors.Macrophages.M2.like,0
NK cells CD56brCD16-_stromal_aggregatedNeighbors.Macrophages.M1.like,0
NK cells CD56brCD16-_stromal_aggregatedNeighbors.NK.cells.CD56dimCD16.CD9hi,0
NK cells CD56dimCD16+_0_aggregatedNeighbors.NK.cells.CD56brCD16.TIM3hi,0
NK cells CD56brCD16-_stromal_aggregatedNeighbors.NK.cells.CD56brCD16.TIM3hi,0
NK cells CD56brCD16-_stromal_aggregatedNeighbors.NK.cells.CD56brCD16.NKG2AhiTIM3hi,0
NK cells CD56brCD16-_stromal_aggregatedNeighbors.NK.cells.CD56brCD16.NKG2Ahi,0
NK cells CD56brCD16-_stromal_aggregatedNeighbors.NK.cells.CD56dimCD16.,0
NK cells CD56brCD16-_stromal_aggregatedNeighbors.NK.cells.CD56brCD16.,0
NK cells CD56brCD16-_stromal_aggregatedNeighbors.Stroma.fibroblast,0
NK cells CD56brCD16-_stromal_aggregatedNeighbors.Dendritic.Cells.CD209CD33dp,0
NK cells CD56brCD16-_stromal_aggregatedNeighbors.Neutrophils,0
NK cells CD56brCD16-_stromal_aggregatedNeighbors.aSMA.br.fibroblast,0
NK cells CD56brCD16-_stromal_aggregatedNeighbors.aSMA.br.mesenchymal,0
NK cells CD56brCD16-_stromal_aggregatedNeighbors.aSMA.br.vascular.endothelium,0
NK cells CD56brCD16-_stromal_aggregatedNeighbors.Gland.mesenchymal,0
NK cells CD56brCD16-_stromal_aggregatedNeighbors.Gland.fibroblast,0
NK cells CD56brCD16-_stromal_aggregatedNeighbors.Gland.vascular.endothelium,0
NK cells CD56brCD16-_stromal_aggregatedNeighbors.aSMA.br.epithelial.stem,0
NK cells CD56brCD16-_stromal_aggregatedNeighbors.aSMA.br.glandular.epithelium,0
NK cells CD56dimCD16+_0_aggregatedNeighbors.CD4.T.cells.HLA.DR.,0
NK cells CD56dimCD16+_0_aggregatedNeighbors.CD8.T.cells.HLA.DR.,0
NK cells CD56dimCD16+_0_aggregatedNeighbors.CD4.T.cells.CD80.CD86.,0
NK cells CD56dimCD16+_0_aggregatedNeighbors.CD8.T.cells.CD80.CD86.,0
NK cells CD56dimCD16+_0_aggregatedNeighbors.NK.cells.CD56brCD16.,0
NK cells CD56dimCD16+_0_aggregatedNeighbors.NK.cells.CD56brCD16.NKG2Ahi,0
NK cells CD56dimCD16+_0_aggregatedNeighbors.NK.cells.CD56brCD16.NKG2AhiTIM3hi,0
Stroma fibroblast_stromal_aggregatedNeighbors.CD8.T.cells.FoxP3.,0
Stroma fibroblast_glandfront_aggregatedNeighbors.aSMA.br.epithelial.stem,0
Stroma mesenchymal_glandfront_aggregatedNeighbors.Dendritic.Cells.CD209CD86dp,0
Stroma mesenchymal_stromal_aggregatedNeighbors.aSMA.br.glandular.epithelium,0
Stroma vascular endothelium_glandfront_aggregatedNeighbors.Stroma.mesenchymal,0
Stroma vascular endothelium_glandfront_aggregatedNeighbors.CD8.T.cells.CD80.CD86.,0
Stroma vascular endothelium_glandfront_aggregatedNeighbors.CD4.T.cells.CD80.CD86.,0
Stroma vascular endothelium_glandfront_aggregatedNeighbors.CD8.T.cells.HLA.DR.,0
Stroma vascular endothelium_glandfront_aggregatedNeighbors.CD4.T.cells.HLA.DR.,0
Stroma vascular endothelium_glandfront_aggregatedNeighbors.CD8.T.cells.FoxP3.,0
Stroma mesenchymal_stromal_aggregatedNeighbors.aSMA.br.epithelial.stem,0
Stroma vascular endothelium_glandfront_aggregatedNeighbors.Stroma.fibroblast,0
Stroma mesenchymal_stromal_aggregatedNeighbors.Gland.vascular.endothelium,0
Stroma mesenchymal_stromal_aggregatedNeighbors.Gland.fibroblast,0
Stroma mesenchymal_stromal_aggregatedNeighbors.Gland.mesenchymal,0
Stroma mesenchymal_stromal_aggregatedNeighbors.aSMA.br.vascular.endothelium,0
Stroma mesenchymal_stromal_aggregatedNeighbors.aSMA.br.mesenchymal,0
Stroma mesenchymal_stromal_aggregatedNeighbors.aSMA.br.fibroblast,0
Stroma vascular endothelium_glandfront_aggregatedNeighbors.Stroma.vascular.endothelium,0
Stroma vascular endothelium_glandfront_aggregatedNeighbors.NK.cells.CD56brCD16.,0
Stroma mesenchymal_stromal_aggregatedNeighbors.Dendritic.Cells.CD209CD33dp,0
Stroma vascular endothelium_glandfront_aggregatedNeighbors.Macrophages.M1.M2,0
Stroma vascular endothelium_glandfront_aggregatedNeighbors.NKT,0
Stroma vascular endothelium_glandfront_aggregatedNeighbors.Neutrophils,0
Stroma vascular endothelium_glandfront_aggregatedNeighbors.Dendritic.Cells.CD209CD33dp,0
Stroma vascular endothelium_glandfront_aggregatedNeighbors.Dendritic.Cells.CD209CD86dp,0
Stroma vascular endothelium_glandfront_aggregatedNeighbors.Dendritic.Cells.CD33.,0
Stroma vascular endothelium_glandfront_aggregatedNeighbors.Macrophages.MDSC,0
Stroma vascular endothelium_glandfront_aggregatedNeighbors.Macrophages.M2.like,0
Stroma vascular endothelium_glandfront_aggregatedNeighbors.NK.cells.CD56dimCD16.,0
Stroma vascular endothelium_glandfront_aggregatedNeighbors.Macrophages.M1.like,0
Stroma vascular endothelium_glandfront_aggregatedNeighbors.NK.cells.CD56brCD16.CD9hi,0
Stroma vascular endothelium_glandfront_aggregatedNeighbors.NK.cells.CD56dimCD16.CD9hi,0
Stroma vascular endothelium_glandfront_aggregatedNeighbors.NK.cells.CD56brCD16.TIM3hi,0
Stroma vascular endothelium_glandfront_aggregatedNeighbors.NK.cells.CD56brCD16.NKG2AhiTIM3hi,0
Stroma vascular endothelium_glandfront_aggregatedNeighbors.NK.cells.CD56brCD16.NKG2Ahi,0
Stroma mesenchymal_stromal_aggregatedNeighbors.Neutrophils,0
Stroma mesenchymal_stromal_aggregatedNeighbors.Dendritic.Cells.CD209CD86dp,0
Stroma fibroblast_glandfront_aggregatedNeighbors.Gland.vascular.endothelium,0
Stroma mesenchymal_glandfront_aggregatedNeighbors.Gland.mesenchymal,0
Stroma mesenchymal_stromal_aggregatedNeighbors.CD4.T.cells.HLA.DR.,0
Stroma mesenchymal_stromal_aggregatedNeighbors.CD8.T.cells.FoxP3.,0
Stroma mesenchymal_glandfront_aggregatedNeighbors.aSMA.br.glandular.epithelium,0
Stroma mesenchymal_glandfront_aggregatedNeighbors.aSMA.br.epithelial.stem,0
Stroma mesenchymal_glandfront_aggregatedNeighbors.Gland.vascular.endothelium,0
Stroma mesenchymal_glandfront_aggregatedNeighbors.Gland.fibroblast,0
Stroma mesenchymal_glandfront_aggregatedNeighbors.Gland.glandular.epithelium,0
Stroma mesenchymal_stromal_aggregatedNeighbors.CD4.T.cells.CD80.CD86.,0
Stroma mesenchymal_glandfront_aggregatedNeighbors.aSMA.br.vascular.endothelium,0
Stroma mesenchymal_glandfront_aggregatedNeighbors.aSMA.br.mesenchymal,0
Stroma mesenchymal_glandfront_aggregatedNeighbors.aSMA.br.fibroblast,0
Stroma mesenchymal_glandfront_aggregatedNeighbors.NKT,0
Stroma mesenchymal_glandfront_aggregatedNeighbors.Neutrophils,0
Stroma mesenchymal_glandfront_aggregatedNeighbors.Dendritic.Cells.CD209CD33dp,0
Stroma mesenchymal_stromal_aggregatedNeighbors.CD8.T.cells.HLA.DR.,0
Stroma mesenchymal_stromal_aggregatedNeighbors.CD8.T.cells.CD80.CD86.,0
Stroma mesenchymal_stromal_aggregatedNeighbors.Dendritic.Cells.CD33.,0
Stroma mesenchymal_stromal_aggregatedNeighbors.NK.cells.CD56brCD16.TIM3hi,0
Stroma mesenchymal_stromal_aggregatedNeighbors.Macrophages.MDSC,0
Stroma mesenchymal_stromal_aggregatedNeighbors.Macrophages.M1.M2,0
Stroma mesenchymal_stromal_aggregatedNeighbors.Macrophages.M2.like,0
Stroma mesenchymal_stromal_aggregatedNeighbors.Macrophages.M1.like,0
Stroma mesenchymal_stromal_aggregatedNeighbors.NK.cells.CD56brCD16.CD9hi,0
Stroma mesenchymal_stromal_aggregatedNeighbors.NK.cells.CD56dimCD16.CD9hi,0
Stroma mesenchymal_stromal_aggregatedNeighbors.NK.cells.CD56brCD16.NKG2AhiTIM3hi,0
Stroma mesenchymal_stromal_aggregatedNeighbors.CD4.T.cells.CD11b.,0
Stroma mesenchymal_stromal_aggregatedNeighbors.NK.cells.CD56brCD16.NKG2Ahi,0
Stroma mesenchymal_stromal_aggregatedNeighbors.NK.cells.CD56dimCD16.,0
Stroma mesenchymal_stromal_aggregatedNeighbors.NK.cells.CD56brCD16.,0
Stroma mesenchymal_stromal_aggregatedNeighbors.Stroma.fibroblast,0
Stroma mesenchymal_stromal_aggregatedNeighbors.Stroma.vascular.endothelium,0
Stroma mesenchymal_stromal_aggregatedNeighbors.Stroma.mesenchymal,0
Stroma vascular endothelium_glandfront_aggregatedNeighbors.aSMA.br.fibroblast,0
Stroma vascular endothelium_glandfront_aggregatedNeighbors.aSMA.br.mesenchymal,0
Stroma vascular endothelium_glandfront_aggregatedNeighbors.aSMA.br.vascular.endothelium,0
Stroma fibroblast_glandfront_aggregatedNeighbors.Stroma.mesenchymal,0
Stroma fibroblast_glandfront_aggregatedNeighbors.NK.cells.CD56brCD16.NKG2AhiTIM3hi,0
Stroma fibroblast_glandfront_aggregatedNeighbors.NK.cells.CD56brCD16.NKG2Ahi,0
Stroma fibroblast_glandfront_aggregatedNeighbors.NK.cells.CD56dimCD16.,0
Stroma fibroblast_glandfront_aggregatedNeighbors.NK.cells.CD56brCD16.,0
Stroma fibroblast_glandfront_aggregatedNeighbors.Stroma.fibroblast,0
Stroma fibroblast_glandfront_aggregatedNeighbors.Stroma.vascular.endothelium,0
Stroma fibroblast_glandfront_aggregatedNeighbors.CD8.T.cells.CD80.CD86.,0
Stroma fibroblast_glandfront_aggregatedNeighbors.NK.cells.CD56dimCD16.CD9hi,0
Stroma fibroblast_glandfront_aggregatedNeighbors.CD4.T.cells.CD80.CD86.,0
Stroma fibroblast_glandfront_aggregatedNeighbors.CD8.T.cells.HLA.DR.,0
Stroma fibroblast_glandfront_aggregatedNeighbors.CD4.T.cells.HLA.DR.,0
Stroma fibroblast_glandfront_aggregatedNeighbors.CD8.T.cells.FoxP3.,0
Stroma vascular endothelium_stromal_aggregatedNeighbors.aSMA.br.glandular.epithelium,0
Stroma vascular endothelium_stromal_aggregatedNeighbors.aSMA.br.epithelial.stem,0
Stroma fibroblast_glandfront_aggregatedNeighbors.NK.cells.CD56brCD16.TIM3hi,0
Stroma fibroblast_glandfront_aggregatedNeighbors.NK.cells.CD56brCD16.CD9hi,0
Stroma vascular endothelium_glandfront_aggregatedNeighbors.Gland.glandular.epithelium,0
Stroma fibroblast_glandfront_aggregatedNeighbors.NKT,0
Stroma fibroblast_glandfront_aggregatedNeighbors.Gland.fibroblast,0
Stroma fibroblast_glandfront_aggregatedNeighbors.Gland.mesenchymal,0
Stroma fibroblast_glandfront_aggregatedNeighbors.Gland.glandular.epithelium,0
Stroma fibroblast_glandfront_aggregatedNeighbors.aSMA.br.vascular.endothelium,0
Stroma fibroblast_glandfront_aggregatedNeighbors.aSMA.br.mesenchymal,0
Stroma fibroblast_glandfront_aggregatedNeighbors.aSMA.br.fibroblast,0
Stroma fibroblast_glandfront_aggregatedNeighbors.Neutrophils,0
Stroma fibroblast_glandfront_aggregatedNeighbors.Macrophages.M1.like,0
Stroma fibroblast_glandfront_aggregatedNeighbors.Dendritic.Cells.CD209CD33dp,0
Stroma fibroblast_glandfront_aggregatedNeighbors.Dendritic.Cells.CD209CD86dp,0
Stroma fibroblast_glandfront_aggregatedNeighbors.Dendritic.Cells.CD33.,0
Stroma fibroblast_glandfront_aggregatedNeighbors.Macrophages.MDSC,0
Stroma fibroblast_glandfront_aggregatedNeighbors.Macrophages.M1.M2,0
Stroma fibroblast_glandfront_aggregatedNeighbors.Macrophages.M2.like,0
Stroma vascular endothelium_stromal_aggregatedNeighbors.Gland.vascular.endothelium,0
Stroma vascular endothelium_stromal_aggregatedNeighbors.Gland.fibroblast,0
Stroma vascular endothelium_stromal_aggregatedNeighbors.Gland.mesenchymal,0
Stroma vascular endothelium_stromal_aggregatedNeighbors.CD8.T.cells.HLA.DR.,0
Stroma vascular endothelium_stromal_aggregatedNeighbors.Stroma.fibroblast,0
Stroma vascular endothelium_stromal_aggregatedNeighbors.Stroma.vascular.endothelium,0
Stroma vascular endothelium_stromal_aggregatedNeighbors.Stroma.mesenchymal,0
Stroma vascular endothelium_stromal_aggregatedNeighbors.CD4.T.cells.CD11b.,0
Stroma vascular endothelium_stromal_aggregatedNeighbors.CD8.T.cells.CD80.CD86.,0
Stroma vascular endothelium_stromal_aggregatedNeighbors.CD4.T.cells.CD80.CD86.,0
Stroma vascular endothelium_stromal_aggregatedNeighbors.CD4.T.cells.HLA.DR.,0
Stroma vascular endothelium_stromal_aggregatedNeighbors.aSMA.br.vascular.endothelium,0
Stroma vascular endothelium_stromal_aggregatedNeighbors.CD8.T.cells.FoxP3.,0
Stroma vascular endothelium_glandfront_aggregatedNeighbors.aSMA.br.glandular.epithelium,0
Stroma vascular endothelium_glandfront_aggregatedNeighbors.aSMA.br.epithelial.stem,0
Stroma vascular endothelium_glandfront_aggregatedNeighbors.Gland.vascular.endothelium,0
Stroma vascular endothelium_glandfront_aggregatedNeighbors.Gland.fibroblast,0
Stroma vascular endothelium_glandfront_aggregatedNeighbors.Gland.mesenchymal,0
Stroma vascular endothelium_stromal_aggregatedNeighbors.NK.cells.CD56brCD16.,0
Stroma vascular endothelium_stromal_aggregatedNeighbors.NK.cells.CD56dimCD16.,0
Stroma vascular endothelium_stromal_aggregatedNeighbors.NK.cells.CD56brCD16.NKG2Ahi,0
Stroma vascular endothelium_stromal_aggregatedNeighbors.NK.cells.CD56brCD16.NKG2AhiTIM3hi,0
Stroma vascular endothelium_stromal_aggregatedNeighbors.NK.cells.CD56brCD16.TIM3hi,0
Stroma vascular endothelium_stromal_aggregatedNeighbors.NK.cells.CD56dimCD16.CD9hi,0
Stroma vascular endothelium_stromal_aggregatedNeighbors.NK.cells.CD56brCD16.CD9hi,0
Stroma vascular endothelium_stromal_aggregatedNeighbors.Macrophages.M1.like,0
Stroma vascular endothelium_stromal_aggregatedNeighbors.Macrophages.M2.like,0
Stroma vascular endothelium_stromal_aggregatedNeighbors.Macrophages.M1.M2,0
Stroma vascular endothelium_stromal_aggregatedNeighbors.Macrophages.MDSC,0
Stroma vascular endothelium_stromal_aggregatedNeighbors.Dendritic.Cells.CD33.,0
Stroma vascular endothelium_stromal_aggregatedNeighbors.Dendritic.Cells.CD209CD86dp,0
Stroma vascular endothelium_stromal_aggregatedNeighbors.Dendritic.Cells.CD209CD33dp,0
Stroma vascular endothelium_stromal_aggregatedNeighbors.Neutrophils,0
Stroma vascular endothelium_stromal_aggregatedNeighbors.aSMA.br.fibroblast,0
Stroma vascular endothelium_stromal_aggregatedNeighbors.aSMA.br.mesenchymal,0
Macrophages M1/M2_stromal_aggregatedNeighbors.CD8.T.cells.FoxP3.,0
Macrophages M1/M2_stromal_aggregatedNeighbors.Macrophages.M1.like,0
Macrophages M1/M2_stromal_aggregatedNeighbors.CD8.T.cells.HLA.DR.,0
aSMA-br vascular endothelium_stromal_aggregatedNeighbors.CD8.T.cells.FoxP3.,0
aSMA-br vascular endothelium_stromal_aggregatedNeighbors.Stroma.mesenchymal,0
aSMA-br vascular endothelium_stromal_aggregatedNeighbors.CD4.T.cells.CD11b.,0
aSMA-br vascular endothelium_stromal_aggregatedNeighbors.CD8.T.cells.CD80.CD86.,0
aSMA-br vascular endothelium_stromal_aggregatedNeighbors.CD4.T.cells.CD80.CD86.,0
aSMA-br vascular endothelium_stromal_aggregatedNeighbors.CD8.T.cells.HLA.DR.,0
aSMA-br vascular endothelium_stromal_aggregatedNeighbors.CD4.T.cells.HLA.DR.,0
aSMA-br vascular endothelium_glandfront_aggregatedNeighbors.aSMA.br.glandular.epithelium,0
aSMA-br vascular endothelium_stromal_aggregatedNeighbors.Stroma.fibroblast,0
aSMA-br vascular endothelium_glandfront_aggregatedNeighbors.aSMA.br.epithelial.stem,0
aSMA-br vascular endothelium_glandfront_aggregatedNeighbors.Gland.vascular.endothelium,0
aSMA-br vascular endothelium_glandfront_aggregatedNeighbors.Gland.fibroblast,0
aSMA-br vascular endothelium_glandfront_aggregatedNeighbors.Gland.mesenchymal,0
aSMA-br vascular endothelium_glandfront_aggregatedNeighbors.Gland.glandular.epithelium,0
aSMA-br vascular endothelium_glandfront_aggregatedNeighbors.aSMA.br.vascular.endothelium,0
aSMA-br vascular endothelium_stromal_aggregatedNeighbors.Stroma.vascular.endothelium,0
aSMA-br vascular endothelium_stromal_aggregatedNeighbors.NK.cells.CD56brCD16.,0
aSMA-br vascular endothelium_glandfront_aggregatedNeighbors.aSMA.br.fibroblast,0
aSMA-br vascular endothelium_stromal_aggregatedNeighbors.Macrophages.M1.M2,0
aSMA-br vascular endothelium_stromal_aggregatedNeighbors.aSMA.br.fibroblast,0
aSMA-br vascular endothelium_stromal_aggregatedNeighbors.Neutrophils,0
aSMA-br vascular endothelium_stromal_aggregatedNeighbors.Dendritic.Cells.CD209CD33dp,0
aSMA-br vascular endothelium_stromal_aggregatedNeighbors.Dendritic.Cells.CD209CD86dp,0
aSMA-br vascular endothelium_stromal_aggregatedNeighbors.Dendritic.Cells.CD33.,0
aSMA-br vascular endothelium_stromal_aggregatedNeighbors.Macrophages.MDSC,0
aSMA-br vascular endothelium_stromal_aggregatedNeighbors.Macrophages.M2.like,0
aSMA-br vascular endothelium_stromal_aggregatedNeighbors.NK.cells.CD56dimCD16.,0
aSMA-br vascular endothelium_stromal_aggregatedNeighbors.Macrophages.M1.like,0
aSMA-br vascular endothelium_stromal_aggregatedNeighbors.NK.cells.CD56brCD16.CD9hi,0
aSMA-br vascular endothelium_stromal_aggregatedNeighbors.NK.cells.CD56dimCD16.CD9hi,0
aSMA-br vascular endothelium_stromal_aggregatedNeighbors.NK.cells.CD56brCD16.TIM3hi,0
aSMA-br vascular endothelium_stromal_aggregatedNeighbors.NK.cells.CD56brCD16.NKG2AhiTIM3hi,0
aSMA-br vascular endothelium_stromal_aggregatedNeighbors.NK.cells.CD56brCD16.NKG2Ahi,0
aSMA-br vascular endothelium_glandfront_aggregatedNeighbors.aSMA.br.mesenchymal,0
aSMA-br vascular endothelium_glandfront_aggregatedNeighbors.NKT,0
Macrophages M1/M2_stromal_aggregatedNeighbors.CD4.T.cells.CD80.CD86.,0
aSMA-br mesenchymal_stromal_aggregatedNeighbors.Gland.vascular.endothelium,0
aSMA-br vascular endothelium_glandfront_aggregatedNeighbors.CD4.T.cells.CD80.CD86.,0
aSMA-br vascular endothelium_glandfront_aggregatedNeighbors.CD8.T.cells.HLA.DR.,0
aSMA-br vascular endothelium_glandfront_aggregatedNeighbors.CD4.T.cells.HLA.DR.,0
aSMA-br vascular endothelium_glandfront_aggregatedNeighbors.CD8.T.cells.FoxP3.,0
aSMA-br mesenchymal_stromal_aggregatedNeighbors.aSMA.br.glandular.epithelium,0
aSMA-br mesenchymal_stromal_aggregatedNeighbors.aSMA.br.epithelial.stem,0
aSMA-br mesenchymal_stromal_aggregatedNeighbors.Gland.fibroblast,0
aSMA-br vascular endothelium_glandfront_aggregatedNeighbors.Stroma.mesenchymal,0
aSMA-br mesenchymal_stromal_aggregatedNeighbors.Gland.mesenchymal,0
aSMA-br mesenchymal_stromal_aggregatedNeighbors.aSMA.br.vascular.endothelium,0
aSMA-br mesenchymal_stromal_aggregatedNeighbors.aSMA.br.mesenchymal,0
aSMA-br mesenchymal_stromal_aggregatedNeighbors.aSMA.br.fibroblast,0
aSMA-br mesenchymal_stromal_aggregatedNeighbors.Neutrophils,0
aSMA-br mesenchymal_stromal_aggregatedNeighbors.Dendritic.Cells.CD209CD33dp,0
aSMA-br vascular endothelium_glandfront_aggregatedNeighbors.CD8.T.cells.CD80.CD86.,0
aSMA-br vascular endothelium_glandfront_aggregatedNeighbors.Stroma.vascular.endothelium,0
aSMA-br vascular endothelium_glandfront_aggregatedNeighbors.Neutrophils,0
aSMA-br vascular endothelium_glandfront_aggregatedNeighbors.Macrophages.M1.like,0
aSMA-br vascular endothelium_glandfront_aggregatedNeighbors.Dendritic.Cells.CD209CD33dp,0
aSMA-br vascular endothelium_glandfront_aggregatedNeighbors.Dendritic.Cells.CD209CD86dp,0
aSMA-br vascular endothelium_glandfront_aggregatedNeighbors.Dendritic.Cells.CD33.,0
aSMA-br vascular endothelium_glandfront_aggregatedNeighbors.Macrophages.MDSC,0
aSMA-br vascular endothelium_glandfront_aggregatedNeighbors.Macrophages.M1.M2,0
aSMA-br vascular endothelium_glandfront_aggregatedNeighbors.Macrophages.M2.like,0
aSMA-br vascular endothelium_glandfront_aggregatedNeighbors.NK.cells.CD56brCD16.CD9hi,0
aSMA-br vascular endothelium_glandfront_aggregatedNeighbors.Stroma.fibroblast,0
aSMA-br vascular endothelium_glandfront_aggregatedNeighbors.NK.cells.CD56dimCD16.CD9hi,0
aSMA-br vascular endothelium_glandfront_aggregatedNeighbors.NK.cells.CD56brCD16.TIM3hi,0
aSMA-br vascular endothelium_glandfront_aggregatedNeighbors.NK.cells.CD56brCD16.NKG2AhiTIM3hi,0
aSMA-br vascular endothelium_glandfront_aggregatedNeighbors.NK.cells.CD56brCD16.NKG2Ahi,0
aSMA-br vascular endothelium_glandfront_aggregatedNeighbors.NK.cells.CD56dimCD16.,0
aSMA-br vascular endothelium_glandfront_aggregatedNeighbors.NK.cells.CD56brCD16.,0
aSMA-br vascular endothelium_stromal_aggregatedNeighbors.aSMA.br.mesenchymal,0
aSMA-br vascular endothelium_stromal_aggregatedNeighbors.aSMA.br.vascular.endothelium,0
aSMA-br vascular endothelium_stromal_aggregatedNeighbors.Gland.mesenchymal,0
Gland glandular epithelium_intragland_aggregatedNeighbors.NK.cells.CD56brCD16.NKG2AhiTIM3hi,0
Gland glandular epithelium_intragland_aggregatedNeighbors.aSMA.br.fibroblast,0
Gland glandular epithelium_intragland_aggregatedNeighbors.Macrophages.M1.M2,0
Gland glandular epithelium_intragland_aggregatedNeighbors.Macrophages.M2.like,0
Gland glandular epithelium_intragland_aggregatedNeighbors.Macrophages.M1.like,0
Gland glandular epithelium_intragland_aggregatedNeighbors.NK.cells.CD56brCD16.CD9hi,0
Gland glandular epithelium_intragland_aggregatedNeighbors.NK.cells.CD56brCD16.TIM3hi,0
Gland glandular epithelium_intragland_aggregatedNeighbors.NK.cells.CD56brCD16.NKG2Ahi,0
Gland glandular epithelium_intragland_aggregatedNeighbors.aSMA.br.vascular.endothelium,0
Gland glandular epithelium_intragland_aggregatedNeighbors.NK.cells.CD56brCD16.,0
Gland glandular epithelium_intragland_aggregatedNeighbors.CD8.T.cells.CD80.CD86.,0
Gland glandular epithelium_intragland_aggregatedNeighbors.CD4.T.cells.CD80.CD86.,0
Gland glandular epithelium_intragland_aggregatedNeighbors.CD8.T.cells.HLA.DR.,0
Gland glandular epithelium_intragland_aggregatedNeighbors.CD4.T.cells.HLA.DR.,0
Gland glandular epithelium_glandfront_aggregatedNeighbors.aSMA.br.glandular.epithelium,0
Gland glandular epithelium_intragland_aggregatedNeighbors.aSMA.br.mesenchymal,0
Gland glandular epithelium_intragland_aggregatedNeighbors.Gland.mesenchymal,0
aSMA-br vascular endothelium_stromal_aggregatedNeighbors.Gland.fibroblast,0
Gland mesenchymal_glandfront_aggregatedNeighbors.Stroma.mesenchymal,0
Gland mesenchymal_glandfront_aggregatedNeighbors.NK.cells.CD56brCD16.NKG2AhiTIM3hi,0
Gland mesenchymal_glandfront_aggregatedNeighbors.NK.cells.CD56brCD16.NKG2Ahi,0
Gland mesenchymal_glandfront_aggregatedNeighbors.NK.cells.CD56dimCD16.,0
Gland mesenchymal_glandfront_aggregatedNeighbors.NK.cells.CD56brCD16.,0
Gland mesenchymal_glandfront_aggregatedNeighbors.Stroma.fibroblast,0
Gland mesenchymal_glandfront_aggregatedNeighbors.Stroma.vascular.endothelium,0
Gland mesenchymal_glandfront_aggregatedNeighbors.CD8.T.cells.CD80.CD86.,0
Gland glandular epithelium_intragland_aggregatedNeighbors.Gland.fibroblast,0
Gland mesenchymal_glandfront_aggregatedNeighbors.CD4.T.cells.CD80.CD86.,0
Gland mesenchymal_glandfront_aggregatedNeighbors.CD8.T.cells.HLA.DR.,0
Gland mesenchymal_glandfront_aggregatedNeighbors.CD4.T.cells.HLA.DR.,0
Gland mesenchymal_glandfront_aggregatedNeighbors.CD8.T.cells.FoxP3.,0
Gland glandular epithelium_intragland_aggregatedNeighbors.aSMA.br.glandular.epithelium,0
Gland glandular epithelium_intragland_aggregatedNeighbors.aSMA.br.epithelial.stem,0
Gland glandular epithelium_glandfront_aggregatedNeighbors.aSMA.br.epithelial.stem,0
Gland glandular epithelium_glandfront_aggregatedNeighbors.Gland.vascular.endothelium,0
Gland glandular epithelium_glandfront_aggregatedNeighbors.Gland.fibroblast,0
Gland glandular epithelium_glandfront_aggregatedNeighbors.CD8.T.cells.CD80.CD86.,0
Gland glandular epithelium_glandfront_aggregatedNeighbors.NK.cells.CD56brCD16.NKG2Ahi,0
Gland glandular epithelium_glandfront_aggregatedNeighbors.NK.cells.CD56dimCD16.,0
Gland glandular epithelium_glandfront_aggregatedNeighbors.NK.cells.CD56brCD16.,0
Gland glandular epithelium_glandfront_aggregatedNeighbors.Stroma.fibroblast,0
Gland glandular epithelium_glandfront_aggregatedNeighbors.Stroma.vascular.endothelium,0
Gland glandular epithelium_glandfront_aggregatedNeighbors.Stroma.mesenchymal,0
Gland glandular epithelium_glandfront_aggregatedNeighbors.CD4.T.cells.CD80.CD86.,0
Gland glandular epithelium_glandfront_aggregatedNeighbors.Gland.mesenchymal,0
Gland glandular epithelium_glandfront_aggregatedNeighbors.CD8.T.cells.HLA.DR.,0
Gland glandular epithelium_glandfront_aggregatedNeighbors.CD4.T.cells.HLA.DR.,0
Gland glandular epithelium_glandfront_aggregatedNeighbors.CD8.T.cells.FoxP3.,0
aSMA-br vascular endothelium_stromal_aggregatedNeighbors.aSMA.br.glandular.epithelium,0
aSMA-br vascular endothelium_stromal_aggregatedNeighbors.aSMA.br.epithelial.stem,0
aSMA-br vascular endothelium_stromal_aggregatedNeighbors.Gland.vascular.endothelium,0
Gland glandular epithelium_glandfront_aggregatedNeighbors.NK.cells.CD56brCD16.NKG2AhiTIM3hi,0
Gland glandular epithelium_glandfront_aggregatedNeighbors.NK.cells.CD56brCD16.TIM3hi,0
Gland glandular epithelium_glandfront_aggregatedNeighbors.NK.cells.CD56dimCD16.CD9hi,0
Gland glandular epithelium_glandfront_aggregatedNeighbors.NK.cells.CD56brCD16.CD9hi,0
Gland glandular epithelium_glandfront_aggregatedNeighbors.Macrophages.M1.like,0
Gland glandular epithelium_glandfront_aggregatedNeighbors.Macrophages.M2.like,0
Gland glandular epithelium_glandfront_aggregatedNeighbors.Macrophages.M1.M2,0
Gland glandular epithelium_glandfront_aggregatedNeighbors.Macrophages.MDSC,0
Gland glandular epithelium_glandfront_aggregatedNeighbors.Dendritic.Cells.CD33.,0
Gland glandular epithelium_glandfront_aggregatedNeighbors.Dendritic.Cells.CD209CD86dp,0
Gland glandular epithelium_glandfront_aggregatedNeighbors.Dendritic.Cells.CD209CD33dp,0
Gland glandular epithelium_glandfront_aggregatedNeighbors.Neutrophils,0
Gland glandular epithelium_glandfront_aggregatedNeighbors.NKT,0
Gland glandular epithelium_glandfront_aggregatedNeighbors.aSMA.br.fibroblast,0
Gland glandular epithelium_glandfront_aggregatedNeighbors.aSMA.br.mesenchymal,0
Gland glandular epithelium_glandfront_aggregatedNeighbors.aSMA.br.vascular.endothelium,0
Gland glandular epithelium_glandfront_aggregatedNeighbors.Gland.glandular.epithelium,0
aSMA-br mesenchymal_stromal_aggregatedNeighbors.Dendritic.Cells.CD209CD86dp,0
aSMA-br mesenchymal_stromal_aggregatedNeighbors.Dendritic.Cells.CD33.,0
aSMA-br mesenchymal_stromal_aggregatedNeighbors.Macrophages.MDSC,0
aSMA-br fibroblast_glandfront_aggregatedNeighbors.Dendritic.Cells.CD209CD86dp,0
aSMA-br fibroblast_glandfront_aggregatedNeighbors.aSMA.br.vascular.endothelium,0
aSMA-br fibroblast_glandfront_aggregatedNeighbors.aSMA.br.mesenchymal,0
aSMA-br fibroblast_glandfront_aggregatedNeighbors.aSMA.br.fibroblast,0
aSMA-br fibroblast_glandfront_aggregatedNeighbors.NKT,0
aSMA-br fibroblast_glandfront_aggregatedNeighbors.Neutrophils,0
aSMA-br fibroblast_glandfront_aggregatedNeighbors.Dendritic.Cells.CD209CD33dp,0
aSMA-br fibroblast_glandfront_aggregatedNeighbors.Dendritic.Cells.CD33.,0
aSMA-br fibroblast_glandfront_aggregatedNeighbors.Gland.mesenchymal,0
aSMA-br fibroblast_glandfront_aggregatedNeighbors.Macrophages.MDSC,0
aSMA-br fibroblast_glandfront_aggregatedNeighbors.Macrophages.M1.M2,0
aSMA-br fibroblast_glandfront_aggregatedNeighbors.Macrophages.M2.like,0
aSMA-br fibroblast_glandfront_aggregatedNeighbors.Macrophages.M1.like,0
aSMA-br fibroblast_glandfront_aggregatedNeighbors.NK.cells.CD56brCD16.CD9hi,0
aSMA-br fibroblast_glandfront_aggregatedNeighbors.NK.cells.CD56dimCD16.CD9hi,0
aSMA-br fibroblast_glandfront_aggregatedNeighbors.Gland.glandular.epithelium,0
aSMA-br fibroblast_glandfront_aggregatedNeighbors.Gland.fibroblast,0
aSMA-br fibroblast_stromal_aggregatedNeighbors.NK.cells.CD56brCD16.TIM3hi,0
aSMA-br fibroblast_stromal_aggregatedNeighbors.CD4.T.cells.CD11b.,0
aSMA-br fibroblast_stromal_aggregatedNeighbors.NK.cells.CD56brCD16.NKG2Ahi,0
aSMA-br fibroblast_stromal_aggregatedNeighbors.NK.cells.CD56dimCD16.,0
aSMA-br fibroblast_stromal_aggregatedNeighbors.NK.cells.CD56brCD16.,0
aSMA-br fibroblast_stromal_aggregatedNeighbors.Stroma.fibroblast,0
aSMA-br fibroblast_stromal_aggregatedNeighbors.Stroma.vascular.endothelium,0
aSMA-br fibroblast_stromal_aggregatedNeighbors.Stroma.mesenchymal,0
aSMA-br fibroblast_stromal_aggregatedNeighbors.CD8.T.cells.CD80.CD86.,0
aSMA-br fibroblast_glandfront_aggregatedNeighbors.Gland.vascular.endothelium,0
aSMA-br fibroblast_stromal_aggregatedNeighbors.CD4.T.cells.CD80.CD86.,0
aSMA-br fibroblast_stromal_aggregatedNeighbors.CD8.T.cells.HLA.DR.,0
aSMA-br fibroblast_stromal_aggregatedNeighbors.CD4.T.cells.HLA.DR.,0
aSMA-br fibroblast_stromal_aggregatedNeighbors.CD8.T.cells.FoxP3.,0
aSMA-br fibroblast_glandfront_aggregatedNeighbors.aSMA.br.glandular.epithelium,0
aSMA-br fibroblast_glandfront_aggregatedNeighbors.aSMA.br.epithelial.stem,0
aSMA-br fibroblast_glandfront_aggregatedNeighbors.NK.cells.CD56brCD16.TIM3hi,0
aSMA-br fibroblast_glandfront_aggregatedNeighbors.NK.cells.CD56brCD16.NKG2AhiTIM3hi,0
aSMA-br fibroblast_glandfront_aggregatedNeighbors.NK.cells.CD56brCD16.NKG2Ahi,0
NKT_glandfront_aggregatedNeighbors.Macrophages.MDSC,0
NKT_glandfront_aggregatedNeighbors.aSMA.br.fibroblast,0
NKT_glandfront_aggregatedNeighbors.NKT,0
NKT_glandfront_aggregatedNeighbors.Neutrophils,0
NKT_glandfront_aggregatedNeighbors.Dendritic.Cells.CD209CD33dp,0
NKT_glandfront_aggregatedNeighbors.Dendritic.Cells.CD209CD86dp,0
NKT_glandfront_aggregatedNeighbors.Dendritic.Cells.CD33.,0
NKT_glandfront_aggregatedNeighbors.Macrophages.M1.M2,0
aSMA-br fibroblast_glandfront_aggregatedNeighbors.NK.cells.CD56dimCD16.,0
NKT_glandfront_aggregatedNeighbors.Macrophages.M2.like,0
NKT_glandfront_aggregatedNeighbors.Macrophages.M1.like,0
NKT_glandfront_aggregatedNeighbors.NK.cells.CD56brCD16.CD9hi,0
NKT_glandfront_aggregatedNeighbors.NK.cells.CD56dimCD16.CD9hi,0
NKT_glandfront_aggregatedNeighbors.NK.cells.CD56brCD16.TIM3hi,0
NKT_glandfront_aggregatedNeighbors.NK.cells.CD56brCD16.NKG2AhiTIM3hi,0
NKT_glandfront_aggregatedNeighbors.aSMA.br.mesenchymal,0
NKT_glandfront_aggregatedNeighbors.aSMA.br.vascular.endothelium,0
NKT_glandfront_aggregatedNeighbors.Gland.glandular.epithelium,0
NKT_glandfront_aggregatedNeighbors.Gland.mesenchymal,0
NKT_glandfront_aggregatedNeighbors.Gland.fibroblast,0
NKT_glandfront_aggregatedNeighbors.Gland.vascular.endothelium,0
NKT_glandfront_aggregatedNeighbors.aSMA.br.epithelial.stem,0
NKT_glandfront_aggregatedNeighbors.aSMA.br.glandular.epithelium,0
aSMA-br fibroblast_glandfront_aggregatedNeighbors.CD8.T.cells.FoxP3.,0
aSMA-br fibroblast_glandfront_aggregatedNeighbors.CD4.T.cells.HLA.DR.,0
aSMA-br fibroblast_glandfront_aggregatedNeighbors.CD8.T.cells.HLA.DR.,0
aSMA-br fibroblast_glandfront_aggregatedNeighbors.CD4.T.cells.CD80.CD86.,0
aSMA-br fibroblast_glandfront_aggregatedNeighbors.CD8.T.cells.CD80.CD86.,0
aSMA-br fibroblast_glandfront_aggregatedNeighbors.Stroma.mesenchymal,0
aSMA-br fibroblast_glandfront_aggregatedNeighbors.Stroma.vascular.endothelium,0
aSMA-br fibroblast_glandfront_aggregatedNeighbors.Stroma.fibroblast,0
aSMA-br fibroblast_glandfront_aggregatedNeighbors.NK.cells.CD56brCD16.,0
aSMA-br fibroblast_stromal_aggregatedNeighbors.NK.cells.CD56brCD16.NKG2AhiTIM3hi,0
aSMA-br fibroblast_stromal_aggregatedNeighbors.NK.cells.CD56dimCD16.CD9hi,0
aSMA-br mesenchymal_stromal_aggregatedNeighbors.Macrophages.M1.M2,0
aSMA-br mesenchymal_glandfront_aggregatedNeighbors.aSMA.br.vascular.endothelium,0
aSMA-br mesenchymal_glandfront_aggregatedNeighbors.aSMA.br.glandular.epithelium,0
aSMA-br mesenchymal_glandfront_aggregatedNeighbors.aSMA.br.epithelial.stem,0
aSMA-br mesenchymal_glandfront_aggregatedNeighbors.Gland.vascular.endothelium,0
aSMA-br mesenchymal_glandfront_aggregatedNeighbors.Gland.fibroblast,0
aSMA-br mesenchymal_glandfront_aggregatedNeighbors.Gland.mesenchymal,0
aSMA-br mesenchymal_glandfront_aggregatedNeighbors.Gland.glandular.epithelium,0
aSMA-br mesenchymal_glandfront_aggregatedNeighbors.aSMA.br.mesenchymal,0
aSMA-br mesenchymal_stromal_aggregatedNeighbors.CD4.T.cells.HLA.DR.,0
aSMA-br mesenchymal_glandfront_aggregatedNeighbors.aSMA.br.fibroblast,0
aSMA-br mesenchymal_glandfront_aggregatedNeighbors.NKT,0
aSMA-br mesenchymal_glandfront_aggregatedNeighbors.Neutrophils,0
aSMA-br mesenchymal_glandfront_aggregatedNeighbors.Dendritic.Cells.CD209CD33dp,0
aSMA-br mesenchymal_glandfront_aggregatedNeighbors.Dendritic.Cells.CD209CD86dp,0
aSMA-br mesenchymal_glandfront_aggregatedNeighbors.Dendritic.Cells.CD33.,0
aSMA-br mesenchymal_stromal_aggregatedNeighbors.CD8.T.cells.FoxP3.,0
aSMA-br mesenchymal_stromal_aggregatedNeighbors.CD8.T.cells.HLA.DR.,0
aSMA-br fibroblast_stromal_aggregatedNeighbors.NK.cells.CD56brCD16.CD9hi,0
aSMA-br mesenchymal_stromal_aggregatedNeighbors.NK.cells.CD56brCD16.NKG2Ahi,0
aSMA-br mesenchymal_stromal_aggregatedNeighbors.Macrophages.M2.like,0
aSMA-br mesenchymal_stromal_aggregatedNeighbors.Macrophages.M1.like,0
aSMA-br mesenchymal_stromal_aggregatedNeighbors.NK.cells.CD56brCD16.CD9hi,0
aSMA-br mesenchymal_stromal_aggregatedNeighbors.NK.cells.CD56dimCD16.CD9hi,0
aSMA-br mesenchymal_stromal_aggregatedNeighbors.NK.cells.CD56brCD16.TIM3hi,0
aSMA-br mesenchymal_stromal_aggregatedNeighbors.NK.cells.CD56brCD16.NKG2AhiTIM3hi,0
aSMA-br mesenchymal_stromal_aggregatedNeighbors.NK.cells.CD56dimCD16.,0
aSMA-br mesenchymal_stromal_aggregatedNeighbors.CD4.T.cells.CD80.CD86.,0
aSMA-br mesenchymal_stromal_aggregatedNeighbors.NK.cells.CD56brCD16.,0
aSMA-br mesenchymal_stromal_aggregatedNeighbors.Stroma.fibroblast,0
aSMA-br mesenchymal_stromal_aggregatedNeighbors.Stroma.vascular.endothelium,0
aSMA-br mesenchymal_stromal_aggregatedNeighbors.Stroma.mesenchymal,0
aSMA-br mesenchymal_stromal_aggregatedNeighbors.CD4.T.cells.CD11b.,0
aSMA-br mesenchymal_stromal_aggregatedNeighbors.CD8.T.cells.CD80.CD86.,0
aSMA-br mesenchymal_glandfront_aggregatedNeighbors.Macrophages.MDSC,0
aSMA-br mesenchymal_glandfront_aggregatedNeighbors.Macrophages.M1.M2,0
aSMA-br mesenchymal_glandfront_aggregatedNeighbors.Macrophages.M2.like,0
aSMA-br fibroblast_stromal_aggregatedNeighbors.Neutrophils,0
aSMA-br fibroblast_stromal_aggregatedNeighbors.Gland.vascular.endothelium,0
aSMA-br fibroblast_stromal_aggregatedNeighbors.Gland.fibroblast,0
aSMA-br fibroblast_stromal_aggregatedNeighbors.Gland.mesenchymal,0
aSMA-br fibroblast_stromal_aggregatedNeighbors.aSMA.br.vascular.endothelium,0
aSMA-br fibroblast_stromal_aggregatedNeighbors.aSMA.br.mesenchymal,0
aSMA-br fibroblast_stromal_aggregatedNeighbors.aSMA.br.fibroblast,0
aSMA-br fibroblast_stromal_aggregatedNeighbors.Dendritic.Cells.CD209CD33dp,0
aSMA-br mesenchymal_glandfront_aggregatedNeighbors.Macrophages.M1.like,0
aSMA-br fibroblast_stromal_aggregatedNeighbors.Dendritic.Cells.CD209CD86dp,0
aSMA-br fibroblast_stromal_aggregatedNeighbors.Dendritic.Cells.CD33.,0
aSMA-br fibroblast_stromal_aggregatedNeighbors.Macrophages.MDSC,0
aSMA-br fibroblast_stromal_aggregatedNeighbors.Macrophages.M1.M2,0
aSMA-br fibroblast_stromal_aggregatedNeighbors.Macrophages.M2.like,0
aSMA-br fibroblast_stromal_aggregatedNeighbors.Macrophages.M1.like,0
aSMA-br fibroblast_stromal_aggregatedNeighbors.aSMA.br.epithelial.stem,0
aSMA-br fibroblast_stromal_aggregatedNeighbors.aSMA.br.glandular.epithelium,0
aSMA-br mesenchymal_glandfront_aggregatedNeighbors.CD8.T.cells.FoxP3.,0
aSMA-br mesenchymal_glandfront_aggregatedNeighbors.CD4.T.cells.HLA.DR.,0
aSMA-br mesenchymal_glandfront_aggregatedNeighbors.CD8.T.cells.HLA.DR.,0
aSMA-br mesenchymal_glandfront_aggregatedNeighbors.CD4.T.cells.CD80.CD86.,0
aSMA-br mesenchymal_glandfront_aggregatedNeighbors.CD8.T.cells.CD80.CD86.,0
aSMA-br mesenchymal_glandfront_aggregatedNeighbors.Stroma.mesenchymal,0
aSMA-br mesenchymal_glandfront_aggregatedNeighbors.Stroma.vascular.endothelium,0
aSMA-br mesenchymal_glandfront_aggregatedNeighbors.Stroma.fibroblast,0
aSMA-br mesenchymal_glandfront_aggregatedNeighbors.NK.cells.CD56brCD16.,0
aSMA-br mesenchymal_glandfront_aggregatedNeighbors.NK.cells.CD56dimCD16.,0
aSMA-br mesenchymal_glandfront_aggregatedNeighbors.NK.cells.CD56brCD16.NKG2Ahi,0
aSMA-br mesenchymal_glandfront_aggregatedNeighbors.NK.cells.CD56brCD16.NKG2AhiTIM3hi,0
aSMA-br mesenchymal_glandfront_aggregatedNeighbors.NK.cells.CD56brCD16.TIM3hi,0
aSMA-br mesenchymal_glandfront_aggregatedNeighbors.NK.cells.CD56dimCD16.CD9hi,0
aSMA-br mesenchymal_glandfront_aggregatedNeighbors.NK.cells.CD56brCD16.CD9hi,0
Gland mesenchymal_glandfront_aggregatedNeighbors.NK.cells.CD56brCD16.TIM3hi,0
Gland mesenchymal_glandfront_aggregatedNeighbors.NK.cells.CD56dimCD16.CD9hi,0
Gland mesenchymal_glandfront_aggregatedNeighbors.NK.cells.CD56brCD16.CD9hi,0
Gland vascular endothelium_glandfront_aggregatedNeighbors.aSMA.br.glandular.epithelium,0
Gland vascular endothelium_stromal_aggregatedNeighbors.CD4.T.cells.CD11b.,0
Gland vascular endothelium_stromal_aggregatedNeighbors.CD8.T.cells.CD80.CD86.,0
Gland vascular endothelium_stromal_aggregatedNeighbors.CD4.T.cells.CD80.CD86.,0
Gland vascular endothelium_stromal_aggregatedNeighbors.CD8.T.cells.HLA.DR.,0
Gland vascular endothelium_stromal_aggregatedNeighbors.CD4.T.cells.HLA.DR.,0
Gland vascular endothelium_stromal_aggregatedNeighbors.CD8.T.cells.FoxP3.,0
Gland vascular endothelium_glandfront_aggregatedNeighbors.aSMA.br.epithelial.stem,0
Gland vascular endothelium_stromal_aggregatedNeighbors.Stroma.vascular.endothelium,0
Gland vascular endothelium_glandfront_aggregatedNeighbors.Gland.vascular.endothelium,0
Gland vascular endothelium_glandfront_aggregatedNeighbors.Gland.fibroblast,0
Gland vascular endothelium_glandfront_aggregatedNeighbors.Gland.mesenchymal,0
Gland vascular endothelium_glandfront_aggregatedNeighbors.Gland.glandular.epithelium,0
Gland vascular endothelium_glandfront_aggregatedNeighbors.aSMA.br.vascular.endothelium,0
Gland vascular endothelium_glandfront_aggregatedNeighbors.aSMA.br.mesenchymal,0
Gland vascular endothelium_stromal_aggregatedNeighbors.Stroma.mesenchymal,0
Gland vascular endothelium_stromal_aggregatedNeighbors.Stroma.fibroblast,0
Gland vascular endothelium_stromal_aggregatedNeighbors.aSMA.br.mesenchymal,0
Gland vascular endothelium_stromal_aggregatedNeighbors.Macrophages.M2.like,0
Gland vascular endothelium_stromal_aggregatedNeighbors.Neutrophils,0
Gland vascular endothelium_stromal_aggregatedNeighbors.Dendritic.Cells.CD209CD33dp,0
Gland vascular endothelium_stromal_aggregatedNeighbors.Dendritic.Cells.CD209CD86dp,0
Gland vascular endothelium_stromal_aggregatedNeighbors.Dendritic.Cells.CD33.,0
Gland vascular endothelium_stromal_aggregatedNeighbors.Macrophages.MDSC,0
Gland vascular endothelium_stromal_aggregatedNeighbors.Macrophages.M1.M2,0
Gland vascular endothelium_stromal_aggregatedNeighbors.Macrophages.M1.like,0
Gland vascular endothelium_stromal_aggregatedNeighbors.NK.cells.CD56brCD16.,0
Gland vascular endothelium_stromal_aggregatedNeighbors.NK.cells.CD56brCD16.CD9hi,0
Gland vascular endothelium_stromal_aggregatedNeighbors.NK.cells.CD56dimCD16.CD9hi,0
Gland vascular endothelium_stromal_aggregatedNeighbors.NK.cells.CD56brCD16.TIM3hi,0
Gland vascular endothelium_stromal_aggregatedNeighbors.NK.cells.CD56brCD16.NKG2AhiTIM3hi,0
Gland vascular endothelium_stromal_aggregatedNeighbors.NK.cells.CD56brCD16.NKG2Ahi,0
Gland vascular endothelium_stromal_aggregatedNeighbors.NK.cells.CD56dimCD16.,0
Gland vascular endothelium_glandfront_aggregatedNeighbors.aSMA.br.fibroblast,0
Gland vascular endothelium_glandfront_aggregatedNeighbors.NKT,0
Gland vascular endothelium_glandfront_aggregatedNeighbors.Neutrophils,0
Gland fibroblast_stromal_aggregatedNeighbors.Gland.vascular.endothelium,0
Gland vascular endothelium_glandfront_aggregatedNeighbors.CD4.T.cells.CD80.CD86.,0
Gland vascular endothelium_glandfront_aggregatedNeighbors.CD8.T.cells.HLA.DR.,0
Gland vascular endothelium_glandfront_aggregatedNeighbors.CD4.T.cells.HLA.DR.,0
Gland vascular endothelium_glandfront_aggregatedNeighbors.CD8.T.cells.FoxP3.,0
Gland fibroblast_stromal_aggregatedNeighbors.aSMA.br.glandular.epithelium,0
Gland fibroblast_stromal_aggregatedNeighbors.aSMA.br.epithelial.stem,0
Gland fibroblast_stromal_aggregatedNeighbors.Gland.fibroblast,0
Gland vascular endothelium_glandfront_aggregatedNeighbors.Dendritic.Cells.CD209CD33dp,0
Gland fibroblast_stromal_aggregatedNeighbors.Gland.mesenchymal,0
Gland fibroblast_stromal_aggregatedNeighbors.aSMA.br.vascular.endothelium,0
Gland fibroblast_stromal_aggregatedNeighbors.aSMA.br.mesenchymal,0
Gland fibroblast_stromal_aggregatedNeighbors.aSMA.br.fibroblast,0
Gland fibroblast_stromal_aggregatedNeighbors.Neutrophils,0
Gland fibroblast_stromal_aggregatedNeighbors.Dendritic.Cells.CD209CD33dp,0
Gland vascular endothelium_glandfront_aggregatedNeighbors.CD8.T.cells.CD80.CD86.,0
Gland vascular endothelium_glandfront_aggregatedNeighbors.Stroma.mesenchymal,0
Gland vascular endothelium_glandfront_aggregatedNeighbors.Stroma.vascular.endothelium,0
Gland vascular endothelium_glandfront_aggregatedNeighbors.Stroma.fibroblast,0
Gland vascular endothelium_glandfront_aggregatedNeighbors.NK.cells.CD56brCD16.,0
Gland vascular endothelium_glandfront_aggregatedNeighbors.NK.cells.CD56dimCD16.,0
Gland vascular endothelium_glandfront_aggregatedNeighbors.NK.cells.CD56brCD16.NKG2Ahi,0
Gland vascular endothelium_glandfront_aggregatedNeighbors.NK.cells.CD56brCD16.NKG2AhiTIM3hi,0
Gland vascular endothelium_glandfront_aggregatedNeighbors.NK.cells.CD56brCD16.TIM3hi,0
Gland vascular endothelium_glandfront_aggregatedNeighbors.NK.cells.CD56dimCD16.CD9hi,0
Gland vascular endothelium_glandfront_aggregatedNeighbors.NK.cells.CD56brCD16.CD9hi,0
Gland vascular endothelium_glandfront_aggregatedNeighbors.Macrophages.M1.like,0
Gland vascular endothelium_glandfront_aggregatedNeighbors.Macrophages.M2.like,0
Gland vascular endothelium_glandfront_aggregatedNeighbors.Macrophages.M1.M2,0
Gland vascular endothelium_glandfront_aggregatedNeighbors.Macrophages.MDSC,0
Gland vascular endothelium_glandfront_aggregatedNeighbors.Dendritic.Cells.CD33.,0
Gland vascular endothelium_glandfront_aggregatedNeighbors.Dendritic.Cells.CD209CD86dp,0
Gland vascular endothelium_stromal_aggregatedNeighbors.aSMA.br.fibroblast,0
Gland vascular endothelium_stromal_aggregatedNeighbors.aSMA.br.vascular.endothelium,0
Gland fibroblast_stromal_aggregatedNeighbors.Dendritic.Cells.CD33.,0
NA_stromal_aggregatedNeighbors.CD4.T.cells.CD11b.,0
NA_stromal_aggregatedNeighbors.NK.cells.CD56brCD16.NKG2AhiTIM3hi,0
NA_stromal_aggregatedNeighbors.NK.cells.CD56brCD16.NKG2Ahi,0
NA_stromal_aggregatedNeighbors.NK.cells.CD56dimCD16.,0
NA_stromal_aggregatedNeighbors.NK.cells.CD56brCD16.,0
NA_stromal_aggregatedNeighbors.Stroma.fibroblast,0
NA_stromal_aggregatedNeighbors.Stroma.vascular.endothelium,0
NA_stromal_aggregatedNeighbors.CD8.T.cells.CD80.CD86.,0
NA_stromal_aggregatedNeighbors.NK.cells.CD56dimCD16.CD9hi,0
NA_stromal_aggregatedNeighbors.CD4.T.cells.CD80.CD86.,0
NA_stromal_aggregatedNeighbors.CD8.T.cells.HLA.DR.,0
NA_stromal_aggregatedNeighbors.CD4.T.cells.HLA.DR.,0
NA_stromal_aggregatedNeighbors.CD8.T.cells.FoxP3.,0
NA_glandfront_aggregatedNeighbors.aSMA.br.glandular.epithelium,0
NA_glandfront_aggregatedNeighbors.aSMA.br.epithelial.stem,0
NA_stromal_aggregatedNeighbors.NK.cells.CD56brCD16.TIM3hi,0
NA_stromal_aggregatedNeighbors.NK.cells.CD56brCD16.CD9hi,0
Gland vascular endothelium_stromal_aggregatedNeighbors.Gland.mesenchymal,0
NA_stromal_aggregatedNeighbors.aSMA.br.fibroblast,0
NA_stromal_aggregatedNeighbors.aSMA.br.epithelial.stem,0
NA_stromal_aggregatedNeighbors.Gland.vascular.endothelium,0
NA_stromal_aggregatedNeighbors.Gland.fibroblast,0
NA_stromal_aggregatedNeighbors.Gland.mesenchymal,0
NA_stromal_aggregatedNeighbors.aSMA.br.vascular.endothelium,0
NA_stromal_aggregatedNeighbors.aSMA.br.mesenchymal,0
NA_stromal_aggregatedNeighbors.Neutrophils,0
NA_stromal_aggregatedNeighbors.Macrophages.M1.like,0
NA_stromal_aggregatedNeighbors.Dendritic.Cells.CD209CD33dp,0
NA_stromal_aggregatedNeighbors.Dendritic.Cells.CD209CD86dp,0
NA_stromal_aggregatedNeighbors.Dendritic.Cells.CD33.,0
NA_stromal_aggregatedNeighbors.Macrophages.MDSC,0
NA_stromal_aggregatedNeighbors.Macrophages.M1.M2,0
NA_stromal_aggregatedNeighbors.Macrophages.M2.like,0
NA_glandfront_aggregatedNeighbors.Gland.vascular.endothelium,0
NA_glandfront_aggregatedNeighbors.Gland.fibroblast,0
NA_glandfront_aggregatedNeighbors.Gland.mesenchymal,0
NA_glandfront_aggregatedNeighbors.CD4.T.cells.CD80.CD86.,0
NA_glandfront_aggregatedNeighbors.NK.cells.CD56dimCD16.,0
NA_glandfront_aggregatedNeighbors.NK.cells.CD56brCD16.,0
NA_glandfront_aggregatedNeighbors.Stroma.fibroblast,0
NA_glandfront_aggregatedNeighbors.Stroma.vascular.endothelium,0
NA_glandfront_aggregatedNeighbors.Stroma.mesenchymal,0
NA_glandfront_aggregatedNeighbors.CD8.T.cells.CD80.CD86.,0
NA_glandfront_aggregatedNeighbors.CD8.T.cells.HLA.DR.,0
NA_glandfront_aggregatedNeighbors.Gland.glandular.epithelium,0
NA_glandfront_aggregatedNeighbors.CD4.T.cells.HLA.DR.,0
NA_glandfront_aggregatedNeighbors.CD8.T.cells.FoxP3.,0
Gland vascular endothelium_stromal_aggregatedNeighbors.aSMA.br.glandular.epithelium,0
Gland vascular endothelium_stromal_aggregatedNeighbors.aSMA.br.epithelial.stem,0
Gland vascular endothelium_stromal_aggregatedNeighbors.Gland.vascular.endothelium,0
Gland vascular endothelium_stromal_aggregatedNeighbors.Gland.fibroblast,0
NA_glandfront_aggregatedNeighbors.NK.cells.CD56brCD16.NKG2Ahi,0
NA_glandfront_aggregatedNeighbors.NK.cells.CD56brCD16.NKG2AhiTIM3hi,0
NA_glandfront_aggregatedNeighbors.NK.cells.CD56brCD16.TIM3hi,0
NA_glandfront_aggregatedNeighbors.NK.cells.CD56dimCD16.CD9hi,0
NA_glandfront_aggregatedNeighbors.NK.cells.CD56brCD16.CD9hi,0
NA_glandfront_aggregatedNeighbors.Macrophages.M1.like,0
NA_glandfront_aggregatedNeighbors.Macrophages.M2.like,0
NA_glandfront_aggregatedNeighbors.Macrophages.M1.M2,0
NA_glandfront_aggregatedNeighbors.Macrophages.MDSC,0
NA_glandfront_aggregatedNeighbors.Dendritic.Cells.CD33.,0
NA_glandfront_aggregatedNeighbors.Dendritic.Cells.CD209CD86dp,0
NA_glandfront_aggregatedNeighbors.Dendritic.Cells.CD209CD33dp,0
NA_glandfront_aggregatedNeighbors.Neutrophils,0
NA_glandfront_aggregatedNeighbors.NKT,0
NA_glandfront_aggregatedNeighbors.aSMA.br.fibroblast,0
NA_glandfront_aggregatedNeighbors.aSMA.br.mesenchymal,0
NA_glandfront_aggregatedNeighbors.aSMA.br.vascular.endothelium,0
Gland fibroblast_stromal_aggregatedNeighbors.Dendritic.Cells.CD209CD86dp,0
Gland fibroblast_stromal_aggregatedNeighbors.Macrophages.MDSC,0
Gland mesenchymal_glandfront_aggregatedNeighbors.Macrophages.M1.like,0
Gland mesenchymal_stromal_aggregatedNeighbors.Stroma.mesenchymal,0
Gland mesenchymal_stromal_aggregatedNeighbors.NK.cells.CD56brCD16.NKG2AhiTIM3hi,0
Gland mesenchymal_stromal_aggregatedNeighbors.NK.cells.CD56brCD16.NKG2Ahi,0
Gland mesenchymal_stromal_aggregatedNeighbors.NK.cells.CD56dimCD16.,0
Gland mesenchymal_stromal_aggregatedNeighbors.NK.cells.CD56brCD16.,0
Gland mesenchymal_stromal_aggregatedNeighbors.Stroma.fibroblast,0
Gland mesenchymal_stromal_aggregatedNeighbors.Stroma.vascular.endothelium,0
Gland mesenchymal_stromal_aggregatedNeighbors.CD4.T.cells.CD11b.,0
Gland mesenchymal_stromal_aggregatedNeighbors.NK.cells.CD56dimCD16.CD9hi,0
Gland mesenchymal_stromal_aggregatedNeighbors.CD8.T.cells.CD80.CD86.,0
Gland mesenchymal_stromal_aggregatedNeighbors.CD4.T.cells.CD80.CD86.,0
Gland mesenchymal_stromal_aggregatedNeighbors.CD8.T.cells.HLA.DR.,0
Gland mesenchymal_stromal_aggregatedNeighbors.CD4.T.cells.HLA.DR.,0
Gland mesenchymal_stromal_aggregatedNeighbors.CD8.T.cells.FoxP3.,0
Gland mesenchymal_intragland_aggregatedNeighbors.aSMA.br.glandular.epithelium,0
Gland mesenchymal_stromal_aggregatedNeighbors.NK.cells.CD56brCD16.TIM3hi,0
Gland mesenchymal_stromal_aggregatedNeighbors.NK.cells.CD56brCD16.CD9hi,0
Gland fibroblast_glandfront_aggregatedNeighbors.CD8.T.cells.FoxP3.,0
Gland mesenchymal_stromal_aggregatedNeighbors.aSMA.br.fibroblast,0
Gland mesenchymal_stromal_aggregatedNeighbors.aSMA.br.epithelial.stem,0
Gland mesenchymal_stromal_aggregatedNeighbors.Gland.vascular.endothelium,0
Gland mesenchymal_stromal_aggregatedNeighbors.Gland.fibroblast,0
Gland mesenchymal_stromal_aggregatedNeighbors.Gland.mesenchymal,0
Gland mesenchymal_stromal_aggregatedNeighbors.aSMA.br.vascular.endothelium,0
Gland mesenchymal_stromal_aggregatedNeighbors.aSMA.br.mesenchymal,0
Gland mesenchymal_stromal_aggregatedNeighbors.Neutrophils,0
Gland mesenchymal_stromal_aggregatedNeighbors.Macrophages.M1.like,0
Gland mesenchymal_stromal_aggregatedNeighbors.Dendritic.Cells.CD209CD33dp,0
Gland mesenchymal_stromal_aggregatedNeighbors.Dendritic.Cells.CD209CD86dp,0
Gland mesenchymal_stromal_aggregatedNeighbors.Dendritic.Cells.CD33.,0
Gland mesenchymal_stromal_aggregatedNeighbors.Macrophages.MDSC,0
Gland mesenchymal_stromal_aggregatedNeighbors.Macrophages.M1.M2,0
Gland mesenchymal_stromal_aggregatedNeighbors.Macrophages.M2.like,0
Gland mesenchymal_intragland_aggregatedNeighbors.aSMA.br.epithelial.stem,0
Gland mesenchymal_intragland_aggregatedNeighbors.Gland.fibroblast,0
Gland mesenchymal_intragland_aggregatedNeighbors.Gland.mesenchymal,0
Gland mesenchymal_glandfront_aggregatedNeighbors.NKT,0
Gland mesenchymal_glandfront_aggregatedNeighbors.Gland.fibroblast,0
Gland mesenchymal_glandfront_aggregatedNeighbors.Gland.mesenchymal,0
Gland mesenchymal_glandfront_aggregatedNeighbors.Gland.glandular.epithelium,0
Gland mesenchymal_glandfront_aggregatedNeighbors.aSMA.br.vascular.endothelium,0
Gland mesenchymal_glandfront_aggregatedNeighbors.aSMA.br.mesenchymal,0
Gland mesenchymal_glandfront_aggregatedNeighbors.aSMA.br.fibroblast,0
Gland mesenchymal_glandfront_aggregatedNeighbors.Neutrophils,0
Gland mesenchymal_intragland_aggregatedNeighbors.aSMA.br.vascular.endothelium,0
Gland mesenchymal_glandfront_aggregatedNeighbors.Dendritic.Cells.CD209CD33dp,0
Gland mesenchymal_glandfront_aggregatedNeighbors.Dendritic.Cells.CD209CD86dp,0
Gland mesenchymal_glandfront_aggregatedNeighbors.Dendritic.Cells.CD33.,0
Gland mesenchymal_glandfront_aggregatedNeighbors.Macrophages.MDSC,0
Gland mesenchymal_glandfront_aggregatedNeighbors.Macrophages.M1.M2,0
Gland mesenchymal_glandfront_aggregatedNeighbors.Macrophages.M2.like,0
Gland mesenchymal_glandfront_aggregatedNeighbors.Gland.vascular.endothelium,0
Gland mesenchymal_glandfront_aggregatedNeighbors.aSMA.br.epithelial.stem,0
Gland mesenchymal_glandfront_aggregatedNeighbors.aSMA.br.glandular.epithelium,0
Gland mesenchymal_intragland_aggregatedNeighbors.CD4.T.cells.HLA.DR.,0
Gland mesenchymal_intragland_aggregatedNeighbors.CD8.T.cells.HLA.DR.,0
Gland mesenchymal_intragland_aggregatedNeighbors.CD4.T.cells.CD80.CD86.,0
Gland mesenchymal_intragland_aggregatedNeighbors.CD8.T.cells.CD80.CD86.,0
Gland mesenchymal_intragland_aggregatedNeighbors.NK.cells.CD56brCD16.,0
Gland mesenchymal_intragland_aggregatedNeighbors.NK.cells.CD56brCD16.NKG2Ahi,0
Gland mesenchymal_intragland_aggregatedNeighbors.NK.cells.CD56brCD16.NKG2AhiTIM3hi,0
Gland mesenchymal_intragland_aggregatedNeighbors.NK.cells.CD56brCD16.TIM3hi,0
Gland mesenchymal_intragland_aggregatedNeighbors.NK.cells.CD56brCD16.CD9hi,0
Gland mesenchymal_intragland_aggregatedNeighbors.Macrophages.M1.like,0
Gland mesenchymal_intragland_aggregatedNeighbors.Macrophages.M2.like,0
Gland mesenchymal_intragland_aggregatedNeighbors.Macrophages.M1.M2,0
Gland mesenchymal_intragland_aggregatedNeighbors.aSMA.br.fibroblast,0
Gland mesenchymal_intragland_aggregatedNeighbors.aSMA.br.mesenchymal,0
Gland mesenchymal_stromal_aggregatedNeighbors.aSMA.br.glandular.epithelium,0
Gland fibroblast_glandfront_aggregatedNeighbors.CD4.T.cells.HLA.DR.,0
Gland fibroblast_stromal_aggregatedNeighbors.Macrophages.M1.M2,0
Gland fibroblast_intragland_aggregatedNeighbors.aSMA.br.fibroblast,0
Gland fibroblast_intragland_aggregatedNeighbors.aSMA.br.glandular.epithelium,0
Gland fibroblast_intragland_aggregatedNeighbors.aSMA.br.epithelial.stem,0
Gland fibroblast_intragland_aggregatedNeighbors.Gland.fibroblast,0
Gland fibroblast_intragland_aggregatedNeighbors.Gland.mesenchymal,0
Gland fibroblast_intragland_aggregatedNeighbors.aSMA.br.vascular.endothelium,0
Gland fibroblast_intragland_aggregatedNeighbors.aSMA.br.mesenchymal,0
Gland fibroblast_intragland_aggregatedNeighbors.Macrophages.M1.M2,0
Gland fibroblast_stromal_aggregatedNeighbors.CD4.T.cells.HLA.DR.,0
Gland fibroblast_intragland_aggregatedNeighbors.Macrophages.M2.like,0
Gland fibroblast_intragland_aggregatedNeighbors.Macrophages.M1.like,0
Gland fibroblast_intragland_aggregatedNeighbors.NK.cells.CD56brCD16.CD9hi,0
Gland fibroblast_intragland_aggregatedNeighbors.NK.cells.CD56brCD16.TIM3hi,0
Gland fibroblast_intragland_aggregatedNeighbors.NK.cells.CD56brCD16.NKG2AhiTIM3hi,0
Gland fibroblast_intragland_aggregatedNeighbors.NK.cells.CD56brCD16.NKG2Ahi,0
Gland fibroblast_stromal_aggregatedNeighbors.CD8.T.cells.FoxP3.,0
Gland fibroblast_stromal_aggregatedNeighbors.CD8.T.cells.HLA.DR.,0
Gland fibroblast_glandfront_aggregatedNeighbors.CD8.T.cells.HLA.DR.,0
Gland fibroblast_stromal_aggregatedNeighbors.NK.cells.CD56brCD16.NKG2Ahi,0
Gland fibroblast_stromal_aggregatedNeighbors.Macrophages.M2.like,0
Gland fibroblast_stromal_aggregatedNeighbors.Macrophages.M1.like,0
Gland fibroblast_stromal_aggregatedNeighbors.NK.cells.CD56brCD16.CD9hi,0
Gland fibroblast_stromal_aggregatedNeighbors.NK.cells.CD56dimCD16.CD9hi,0
Gland fibroblast_stromal_aggregatedNeighbors.NK.cells.CD56brCD16.TIM3hi,0
Gland fibroblast_stromal_aggregatedNeighbors.NK.cells.CD56brCD16.NKG2AhiTIM3hi,0
Gland fibroblast_stromal_aggregatedNeighbors.NK.cells.CD56dimCD16.,0
Gland fibroblast_stromal_aggregatedNeighbors.CD4.T.cells.CD80.CD86.,0
Gland fibroblast_stromal_aggregatedNeighbors.NK.cells.CD56brCD16.,0
Gland fibroblast_stromal_aggregatedNeighbors.Stroma.fibroblast,0
Gland fibroblast_stromal_aggregatedNeighbors.Stroma.vascular.endothelium,0
Gland fibroblast_stromal_aggregatedNeighbors.Stroma.mesenchymal,0
Gland fibroblast_stromal_aggregatedNeighbors.CD4.T.cells.CD11b.,0
Gland fibroblast_stromal_aggregatedNeighbors.CD8.T.cells.CD80.CD86.,0
Gland fibroblast_intragland_aggregatedNeighbors.NK.cells.CD56brCD16.,0
Gland fibroblast_intragland_aggregatedNeighbors.CD8.T.cells.CD80.CD86.,0
Gland fibroblast_intragland_aggregatedNeighbors.CD4.T.cells.CD80.CD86.,0
Gland fibroblast_glandfront_aggregatedNeighbors.NK.cells.CD56brCD16.NKG2Ahi,0
Gland fibroblast_glandfront_aggregatedNeighbors.Macrophages.M2.like,0
Gland fibroblast_glandfront_aggregatedNeighbors.Macrophages.M1.like,0
Gland fibroblast_glandfront_aggregatedNeighbors.NK.cells.CD56brCD16.CD9hi,0
Gland fibroblast_glandfront_aggregatedNeighbors.NK.cells.CD56dimCD16.CD9hi,0
Gland fibroblast_glandfront_aggregatedNeighbors.NK.cells.CD56brCD16.TIM3hi,0
Gland fibroblast_glandfront_aggregatedNeighbors.NK.cells.CD56brCD16.NKG2AhiTIM3hi,0
Gland fibroblast_glandfront_aggregatedNeighbors.NK.cells.CD56dimCD16.,0
Gland fibroblast_intragland_aggregatedNeighbors.CD8.T.cells.HLA.DR.,0
Gland fibroblast_glandfront_aggregatedNeighbors.NK.cells.CD56brCD16.,0
Gland fibroblast_glandfront_aggregatedNeighbors.Stroma.fibroblast,0
Gland fibroblast_glandfront_aggregatedNeighbors.Stroma.vascular.endothelium,0
Gland fibroblast_glandfront_aggregatedNeighbors.Stroma.mesenchymal,0
Gland fibroblast_glandfront_aggregatedNeighbors.CD8.T.cells.CD80.CD86.,0
Gland fibroblast_glandfront_aggregatedNeighbors.CD4.T.cells.CD80.CD86.,0
Gland fibroblast_glandfront_aggregatedNeighbors.Macrophages.M1.M2,0
Gland fibroblast_glandfront_aggregatedNeighbors.Macrophages.MDSC,0
Gland fibroblast_glandfront_aggregatedNeighbors.Dendritic.Cells.CD33.,0
Gland fibroblast_glandfront_aggregatedNeighbors.Dendritic.Cells.CD209CD86dp,0
Gland fibroblast_glandfront_aggregatedNeighbors.Dendritic.Cells.CD209CD33dp,0
Gland fibroblast_glandfront_aggregatedNeighbors.Neutrophils,0
Gland fibroblast_glandfront_aggregatedNeighbors.NKT,0
Gland fibroblast_glandfront_aggregatedNeighbors.aSMA.br.fibroblast,0
Gland fibroblast_glandfront_aggregatedNeighbors.aSMA.br.mesenchymal,0
Gland fibroblast_glandfront_aggregatedNeighbors.aSMA.br.vascular.endothelium,0
Gland fibroblast_glandfront_aggregatedNeighbors.Gland.glandular.epithelium,0
Gland fibroblast_glandfront_aggregatedNeighbors.Gland.mesenchymal,0
Gland fibroblast_glandfront_aggregatedNeighbors.Gland.fibroblast,0
Gland fibroblast_glandfront_aggregatedNeighbors.Gland.vascular.endothelium,0
Gland fibroblast_glandfront_aggregatedNeighbors.aSMA.br.epithelial.stem,0
Gland fibroblast_glandfront_aggregatedNeighbors.aSMA.br.glandular.epithelium,0
Gland fibroblast_intragland_aggregatedNeighbors.CD4.T.cells.HLA.DR.,0
NKT_glandfront_aggregatedNeighbors.NK.cells.CD56brCD16.NKG2Ahi,0
NKT_glandfront_aggregatedNeighbors.NK.cells.CD56dimCD16.,0
NKT_glandfront_aggregatedNeighbors.NK.cells.CD56brCD16.,0
Dendritic Cells CD86+_stromal_aggregatedNeighbors.Dendritic.Cells.CD209CD86dp,0
Dendritic Cells CD86+_stromal_aggregatedNeighbors.Gland.mesenchymal,0
Dendritic Cells CD86+_stromal_aggregatedNeighbors.aSMA.br.vascular.endothelium,0
Dendritic Cells CD86+_stromal_aggregatedNeighbors.aSMA.br.mesenchymal,0
Dendritic Cells CD86+_stromal_aggregatedNeighbors.aSMA.br.fibroblast,0
Dendritic Cells CD86+_stromal_aggregatedNeighbors.Neutrophils,0
Dendritic Cells CD86+_stromal_aggregatedNeighbors.Dendritic.Cells.CD209CD33dp,0
Dendritic Cells CD86+_stromal_aggregatedNeighbors.Dendritic.Cells.CD33.,0
Dendritic Cells CD86+_stromal_aggregatedNeighbors.Gland.vascular.endothelium,0
Dendritic Cells CD86+_stromal_aggregatedNeighbors.Macrophages.MDSC,0
Dendritic Cells CD86+_stromal_aggregatedNeighbors.Macrophages.M1.M2,0
Dendritic Cells CD86+_stromal_aggregatedNeighbors.Macrophages.M2.like,0
Dendritic Cells CD86+_stromal_aggregatedNeighbors.Macrophages.M1.like,0
Dendritic Cells CD86+_stromal_aggregatedNeighbors.NK.cells.CD56brCD16.CD9hi,0
Dendritic Cells CD86+_stromal_aggregatedNeighbors.NK.cells.CD56dimCD16.CD9hi,0
Dendritic Cells CD86+_stromal_aggregatedNeighbors.Gland.fibroblast,0
Dendritic Cells CD86+_stromal_aggregatedNeighbors.aSMA.br.epithelial.stem,0
Dendritic Cells CD33+_0_aggregatedNeighbors.aSMA.br.epithelial.stem,0
Dendritic Cells CD33+_0_aggregatedNeighbors.NK.cells.CD56brCD16.TIM3hi,0
Dendritic Cells CD33+_0_aggregatedNeighbors.aSMA.br.mesenchymal,0
Dendritic Cells CD33+_0_aggregatedNeighbors.aSMA.br.fibroblast,0
Dendritic Cells CD33+_0_aggregatedNeighbors.Macrophages.M1.M2,0
Dendritic Cells CD33+_0_aggregatedNeighbors.Macrophages.M2.like,0
Dendritic Cells CD33+_0_aggregatedNeighbors.Macrophages.M1.like,0
Dendritic Cells CD33+_0_aggregatedNeighbors.NK.cells.CD56brCD16.CD9hi,0
Dendritic Cells CD33+_0_aggregatedNeighbors.NK.cells.CD56brCD16.NKG2AhiTIM3hi,0
Dendritic Cells CD86+_stromal_aggregatedNeighbors.aSMA.br.glandular.epithelium,0
Dendritic Cells CD33+_0_aggregatedNeighbors.NK.cells.CD56brCD16.NKG2Ahi,0
Dendritic Cells CD33+_0_aggregatedNeighbors.NK.cells.CD56brCD16.,0
Dendritic Cells CD33+_0_aggregatedNeighbors.CD8.T.cells.CD80.CD86.,0
Dendritic Cells CD33+_0_aggregatedNeighbors.CD4.T.cells.CD80.CD86.,0
Dendritic Cells CD33+_0_aggregatedNeighbors.CD8.T.cells.HLA.DR.,0
Dendritic Cells CD33+_0_aggregatedNeighbors.CD4.T.cells.HLA.DR.,0
Dendritic Cells CD86+_stromal_aggregatedNeighbors.NK.cells.CD56brCD16.TIM3hi,0
Dendritic Cells CD86+_stromal_aggregatedNeighbors.NK.cells.CD56brCD16.NKG2AhiTIM3hi,0
Dendritic Cells CD86+_stromal_aggregatedNeighbors.NK.cells.CD56brCD16.NKG2Ahi,0
Dendritic Cells CD86+_intragland_aggregatedNeighbors.NK.cells.CD56brCD16.NKG2AhiTIM3hi,0
Dendritic Cells CD86+_intragland_aggregatedNeighbors.aSMA.br.fibroblast,0
Dendritic Cells CD86+_intragland_aggregatedNeighbors.Macrophages.M1.M2,0
Dendritic Cells CD86+_intragland_aggregatedNeighbors.Macrophages.M2.like,0
Dendritic Cells CD86+_intragland_aggregatedNeighbors.Macrophages.M1.like,0
Dendritic Cells CD86+_intragland_aggregatedNeighbors.NK.cells.CD56brCD16.CD9hi,0
Dendritic Cells CD86+_intragland_aggregatedNeighbors.NK.cells.CD56brCD16.TIM3hi,0
Dendritic Cells CD86+_intragland_aggregatedNeighbors.NK.cells.CD56brCD16.NKG2Ahi,0
Dendritic Cells CD86+_stromal_aggregatedNeighbors.NK.cells.CD56dimCD16.,0
Dendritic Cells CD86+_intragland_aggregatedNeighbors.NK.cells.CD56brCD16.,0
Dendritic Cells CD86+_intragland_aggregatedNeighbors.CD8.T.cells.CD80.CD86.,0
Dendritic Cells CD86+_intragland_aggregatedNeighbors.CD4.T.cells.CD80.CD86.,0
Dendritic Cells CD86+_intragland_aggregatedNeighbors.CD8.T.cells.HLA.DR.,0
Dendritic Cells CD86+_intragland_aggregatedNeighbors.CD4.T.cells.HLA.DR.,0
Dendritic Cells CD86+_glandfront_aggregatedNeighbors.aSMA.br.glandular.epithelium,0
Dendritic Cells CD86+_intragland_aggregatedNeighbors.aSMA.br.mesenchymal,0
Dendritic Cells CD86+_intragland_aggregatedNeighbors.aSMA.br.vascular.endothelium,0
Dendritic Cells CD86+_intragland_aggregatedNeighbors.Gland.glandular.epithelium,0
Dendritic Cells CD86+_intragland_aggregatedNeighbors.Gland.mesenchymal,0
Dendritic Cells CD86+_intragland_aggregatedNeighbors.Gland.fibroblast,0
Dendritic Cells CD86+_intragland_aggregatedNeighbors.aSMA.br.epithelial.stem,0
Dendritic Cells CD86+_intragland_aggregatedNeighbors.aSMA.br.glandular.epithelium,0
Dendritic Cells CD86+_stromal_aggregatedNeighbors.CD8.T.cells.FoxP3.,0
Dendritic Cells CD86+_stromal_aggregatedNeighbors.CD4.T.cells.HLA.DR.,0
Dendritic Cells CD86+_stromal_aggregatedNeighbors.CD8.T.cells.HLA.DR.,0
Dendritic Cells CD86+_stromal_aggregatedNeighbors.CD4.T.cells.CD80.CD86.,0
Dendritic Cells CD86+_stromal_aggregatedNeighbors.CD8.T.cells.CD80.CD86.,0
Dendritic Cells CD86+_stromal_aggregatedNeighbors.CD4.T.cells.CD11b.,0
Dendritic Cells CD86+_stromal_aggregatedNeighbors.Stroma.mesenchymal,0
Dendritic Cells CD86+_stromal_aggregatedNeighbors.Stroma.vascular.endothelium,0
Dendritic Cells CD86+_stromal_aggregatedNeighbors.Stroma.fibroblast,0
Dendritic Cells CD86+_stromal_aggregatedNeighbors.NK.cells.CD56brCD16.,0
Dendritic Cells CD33+_0_aggregatedNeighbors.aSMA.br.vascular.endothelium,0
Dendritic Cells CD33+_0_aggregatedNeighbors.aSMA.br.glandular.epithelium,0
Dendritic Cells CD86+_glandfront_aggregatedNeighbors.Gland.vascular.endothelium,0
Dendritic Cells CD33+_intragland_aggregatedNeighbors.Macrophages.M2.like,0
Dendritic Cells CD33+_intragland_aggregatedNeighbors.Gland.mesenchymal,0
Dendritic Cells CD33+_intragland_aggregatedNeighbors.Gland.glandular.epithelium,0
Dendritic Cells CD33+_intragland_aggregatedNeighbors.aSMA.br.vascular.endothelium,0
Dendritic Cells CD33+_intragland_aggregatedNeighbors.aSMA.br.mesenchymal,0
Dendritic Cells CD33+_intragland_aggregatedNeighbors.aSMA.br.fibroblast,0
Dendritic Cells CD33+_intragland_aggregatedNeighbors.Macrophages.M1.M2,0
Dendritic Cells CD33+_intragland_aggregatedNeighbors.Macrophages.M1.like,0
Dendritic Cells CD33+_intragland_aggregatedNeighbors.aSMA.br.epithelial.stem,0
Dendritic Cells CD33+_intragland_aggregatedNeighbors.NK.cells.CD56brCD16.CD9hi,0
Dendritic Cells CD33+_intragland_aggregatedNeighbors.NK.cells.CD56brCD16.TIM3hi,0
Dendritic Cells CD33+_intragland_aggregatedNeighbors.NK.cells.CD56brCD16.NKG2AhiTIM3hi,0
Dendritic Cells CD33+_intragland_aggregatedNeighbors.NK.cells.CD56brCD16.NKG2Ahi,0
Dendritic Cells CD33+_intragland_aggregatedNeighbors.NK.cells.CD56brCD16.,0
Dendritic Cells CD33+_intragland_aggregatedNeighbors.CD8.T.cells.CD80.CD86.,0
Dendritic Cells CD33+_intragland_aggregatedNeighbors.Gland.fibroblast,0
Dendritic Cells CD33+_intragland_aggregatedNeighbors.aSMA.br.glandular.epithelium,0
Dendritic Cells CD33+_glandfront_aggregatedNeighbors.CD8.T.cells.FoxP3.,0
Dendritic Cells CD33+_stromal_aggregatedNeighbors.Stroma.fibroblast,0
Dendritic Cells CD33+_stromal_aggregatedNeighbors.NK.cells.CD56dimCD16.CD9hi,0
Dendritic Cells CD33+_stromal_aggregatedNeighbors.NK.cells.CD56brCD16.TIM3hi,0
Dendritic Cells CD33+_stromal_aggregatedNeighbors.NK.cells.CD56brCD16.NKG2AhiTIM3hi,0
Dendritic Cells CD33+_stromal_aggregatedNeighbors.NK.cells.CD56brCD16.NKG2Ahi,0
Dendritic Cells CD33+_stromal_aggregatedNeighbors.NK.cells.CD56dimCD16.,0
Dendritic Cells CD33+_stromal_aggregatedNeighbors.NK.cells.CD56brCD16.,0
Dendritic Cells CD33+_stromal_aggregatedNeighbors.Stroma.vascular.endothelium,0
Dendritic Cells CD33+_stromal_aggregatedNeighbors.CD8.T.cells.FoxP3.,0
Dendritic Cells CD33+_stromal_aggregatedNeighbors.Stroma.mesenchymal,0
Dendritic Cells CD33+_stromal_aggregatedNeighbors.CD4.T.cells.CD11b.,0
Dendritic Cells CD33+_stromal_aggregatedNeighbors.CD8.T.cells.CD80.CD86.,0
Dendritic Cells CD33+_stromal_aggregatedNeighbors.CD4.T.cells.CD80.CD86.,0
Dendritic Cells CD33+_stromal_aggregatedNeighbors.CD8.T.cells.HLA.DR.,0
Dendritic Cells CD33+_stromal_aggregatedNeighbors.CD4.T.cells.HLA.DR.,0
Dendritic Cells CD33+_intragland_aggregatedNeighbors.CD4.T.cells.CD80.CD86.,0
Dendritic Cells CD33+_intragland_aggregatedNeighbors.CD8.T.cells.HLA.DR.,0
Dendritic Cells CD33+_intragland_aggregatedNeighbors.CD4.T.cells.HLA.DR.,0
Dendritic Cells CD33+_glandfront_aggregatedNeighbors.NK.cells.CD56brCD16.,0
Dendritic Cells CD33+_glandfront_aggregatedNeighbors.NK.cells.CD56brCD16.CD9hi,0
Dendritic Cells CD33+_glandfront_aggregatedNeighbors.NK.cells.CD56dimCD16.CD9hi,0
Dendritic Cells CD33+_glandfront_aggregatedNeighbors.NK.cells.CD56brCD16.TIM3hi,0
Dendritic Cells CD33+_glandfront_aggregatedNeighbors.NK.cells.CD56brCD16.NKG2AhiTIM3hi,0
Dendritic Cells CD33+_glandfront_aggregatedNeighbors.NK.cells.CD56brCD16.NKG2Ahi,0
Dendritic Cells CD33+_glandfront_aggregatedNeighbors.NK.cells.CD56dimCD16.,0
Dendritic Cells CD33+_glandfront_aggregatedNeighbors.Stroma.fibroblast,0
Dendritic Cells CD33+_glandfront_aggregatedNeighbors.aSMA.br.glandular.epithelium,0
Dendritic Cells CD33+_glandfront_aggregatedNeighbors.Stroma.vascular.endothelium,0
Dendritic Cells CD33+_glandfront_aggregatedNeighbors.Stroma.mesenchymal,0
Dendritic Cells CD33+_glandfront_aggregatedNeighbors.CD8.T.cells.CD80.CD86.,0
Dendritic Cells CD33+_glandfront_aggregatedNeighbors.CD4.T.cells.CD80.CD86.,0
Dendritic Cells CD33+_glandfront_aggregatedNeighbors.CD8.T.cells.HLA.DR.,0
Dendritic Cells CD33+_glandfront_aggregatedNeighbors.CD4.T.cells.HLA.DR.,0
Dendritic Cells CD33+_glandfront_aggregatedNeighbors.Macrophages.M1.like,0
Dendritic Cells CD33+_glandfront_aggregatedNeighbors.Macrophages.M2.like,0
Dendritic Cells CD33+_glandfront_aggregatedNeighbors.Macrophages.M1.M2,0
Dendritic Cells CD33+_glandfront_aggregatedNeighbors.Macrophages.MDSC,0
Dendritic Cells CD33+_glandfront_aggregatedNeighbors.Dendritic.Cells.CD33.,0
Dendritic Cells CD33+_glandfront_aggregatedNeighbors.Dendritic.Cells.CD209CD86dp,0
Dendritic Cells CD33+_glandfront_aggregatedNeighbors.Dendritic.Cells.CD209CD33dp,0
Dendritic Cells CD33+_glandfront_aggregatedNeighbors.Neutrophils,0
Dendritic Cells CD33+_glandfront_aggregatedNeighbors.NKT,0
Dendritic Cells CD33+_glandfront_aggregatedNeighbors.aSMA.br.fibroblast,0
Dendritic Cells CD33+_glandfront_aggregatedNeighbors.aSMA.br.mesenchymal,0
Dendritic Cells CD33+_glandfront_aggregatedNeighbors.aSMA.br.vascular.endothelium,0
Dendritic Cells CD33+_glandfront_aggregatedNeighbors.Gland.glandular.epithelium,0
Dendritic Cells CD33+_glandfront_aggregatedNeighbors.Gland.mesenchymal,0
Dendritic Cells CD33+_glandfront_aggregatedNeighbors.Gland.fibroblast,0
Dendritic Cells CD33+_glandfront_aggregatedNeighbors.Gland.vascular.endothelium,0
Dendritic Cells CD33+_glandfront_aggregatedNeighbors.aSMA.br.epithelial.stem,0
Dendritic Cells CD86+_glandfront_aggregatedNeighbors.aSMA.br.epithelial.stem,0
Dendritic Cells CD86+_glandfront_aggregatedNeighbors.Gland.fibroblast,0
Dendritic Cells CD33+_stromal_aggregatedNeighbors.Macrophages.M1.like,0
Macrophages MDSC_glandfront_aggregatedNeighbors.NK.cells.CD56brCD16.CD9hi,0
Macrophages MDSC_glandfront_aggregatedNeighbors.Dendritic.Cells.CD209CD86dp,0
Macrophages MDSC_glandfront_aggregatedNeighbors.Dendritic.Cells.CD33.,0
Macrophages MDSC_glandfront_aggregatedNeighbors.Macrophages.MDSC,0
Macrophages MDSC_glandfront_aggregatedNeighbors.Macrophages.M1.M2,0
Macrophages MDSC_glandfront_aggregatedNeighbors.Macrophages.M2.like,0
Macrophages MDSC_glandfront_aggregatedNeighbors.Macrophages.M1.like,0
Macrophages MDSC_glandfront_aggregatedNeighbors.NK.cells.CD56dimCD16.CD9hi,0
Macrophages MDSC_glandfront_aggregatedNeighbors.Neutrophils,0
Macrophages MDSC_glandfront_aggregatedNeighbors.NK.cells.CD56brCD16.TIM3hi,0
Macrophages MDSC_glandfront_aggregatedNeighbors.NK.cells.CD56brCD16.NKG2AhiTIM3hi,0
Macrophages MDSC_glandfront_aggregatedNeighbors.NK.cells.CD56brCD16.NKG2Ahi,0
Macrophages MDSC_glandfront_aggregatedNeighbors.NK.cells.CD56dimCD16.,0
Macrophages MDSC_glandfront_aggregatedNeighbors.NK.cells.CD56brCD16.,0
Macrophages MDSC_glandfront_aggregatedNeighbors.Stroma.fibroblast,0
Macrophages MDSC_glandfront_aggregatedNeighbors.Dendritic.Cells.CD209CD33dp,0
Macrophages MDSC_glandfront_aggregatedNeighbors.NKT,0
Macrophages MDSC_stromal_aggregatedNeighbors.Stroma.vascular.endothelium,0
Macrophages MDSC_glandfront_aggregatedNeighbors.aSMA.br.glandular.epithelium,0
Macrophages MDSC_stromal_aggregatedNeighbors.CD4.T.cells.CD11b.,0
Macrophages MDSC_stromal_aggregatedNeighbors.CD8.T.cells.CD80.CD86.,0
Macrophages MDSC_stromal_aggregatedNeighbors.CD4.T.cells.CD80.CD86.,0
Macrophages MDSC_stromal_aggregatedNeighbors.CD8.T.cells.HLA.DR.,0
Macrophages MDSC_stromal_aggregatedNeighbors.CD4.T.cells.HLA.DR.,0
Macrophages MDSC_stromal_aggregatedNeighbors.CD8.T.cells.FoxP3.,0
Macrophages MDSC_glandfront_aggregatedNeighbors.aSMA.br.epithelial.stem,0
Macrophages MDSC_glandfront_aggregatedNeighbors.aSMA.br.fibroblast,0
Macrophages MDSC_glandfront_aggregatedNeighbors.Gland.vascular.endothelium,0
Macrophages MDSC_glandfront_aggregatedNeighbors.Gland.fibroblast,0
Macrophages MDSC_glandfront_aggregatedNeighbors.Gland.mesenchymal,0
Macrophages MDSC_glandfront_aggregatedNeighbors.Gland.glandular.epithelium,0
Macrophages MDSC_glandfront_aggregatedNeighbors.aSMA.br.vascular.endothelium,0
Macrophages MDSC_glandfront_aggregatedNeighbors.aSMA.br.mesenchymal,0
Macrophages MDSC_glandfront_aggregatedNeighbors.Stroma.vascular.endothelium,0
Macrophages MDSC_glandfront_aggregatedNeighbors.Stroma.mesenchymal,0
Macrophages MDSC_glandfront_aggregatedNeighbors.CD8.T.cells.CD80.CD86.,0
Macrophages M1/M2_stromal_aggregatedNeighbors.NK.cells.CD56brCD16.NKG2Ahi,0
Macrophages M1/M2_stromal_aggregatedNeighbors.Macrophages.M2.like,0
CD8 T cells CD80/CD86+_glandfront_aggregatedNeighbors.Neutrophils,0
Macrophages M1/M2_stromal_aggregatedNeighbors.NK.cells.CD56brCD16.CD9hi,0
Macrophages M1/M2_stromal_aggregatedNeighbors.NK.cells.CD56dimCD16.CD9hi,0
Macrophages M1/M2_stromal_aggregatedNeighbors.NK.cells.CD56brCD16.TIM3hi,0
Macrophages M1/M2_stromal_aggregatedNeighbors.NK.cells.CD56brCD16.NKG2AhiTIM3hi,0
Macrophages M1/M2_stromal_aggregatedNeighbors.NK.cells.CD56dimCD16.,0
Macrophages MDSC_glandfront_aggregatedNeighbors.CD4.T.cells.CD80.CD86.,0
Macrophages M1/M2_stromal_aggregatedNeighbors.NK.cells.CD56brCD16.,0
Macrophages M1/M2_stromal_aggregatedNeighbors.Stroma.fibroblast,0
Macrophages M1/M2_stromal_aggregatedNeighbors.Stroma.vascular.endothelium,0
Macrophages M1/M2_stromal_aggregatedNeighbors.Stroma.mesenchymal,0
Macrophages M1/M2_stromal_aggregatedNeighbors.CD4.T.cells.CD11b.,0
Macrophages M1/M2_stromal_aggregatedNeighbors.CD8.T.cells.CD80.CD86.,0
Macrophages M1/M2_stromal_aggregatedNeighbors.Macrophages.M1.M2,0
Macrophages M1/M2_stromal_aggregatedNeighbors.Macrophages.MDSC,0
Macrophages M1/M2_stromal_aggregatedNeighbors.Dendritic.Cells.CD33.,0
Macrophages M1/M2_stromal_aggregatedNeighbors.Dendritic.Cells.CD209CD86dp,0
Macrophages M1/M2_stromal_aggregatedNeighbors.Dendritic.Cells.CD209CD33dp,0
Macrophages M1/M2_stromal_aggregatedNeighbors.Neutrophils,0
Macrophages M1/M2_stromal_aggregatedNeighbors.aSMA.br.fibroblast,0
Macrophages M1/M2_stromal_aggregatedNeighbors.aSMA.br.mesenchymal,0
Macrophages M1/M2_stromal_aggregatedNeighbors.aSMA.br.vascular.endothelium,0
Macrophages M1/M2_stromal_aggregatedNeighbors.Gland.mesenchymal,0
Macrophages M1/M2_stromal_aggregatedNeighbors.Gland.fibroblast,0
Macrophages M1/M2_stromal_aggregatedNeighbors.Gland.vascular.endothelium,0
Macrophages M1/M2_stromal_aggregatedNeighbors.aSMA.br.epithelial.stem,0
Macrophages M1/M2_stromal_aggregatedNeighbors.aSMA.br.glandular.epithelium,0
Macrophages MDSC_glandfront_aggregatedNeighbors.CD8.T.cells.FoxP3.,0
Macrophages MDSC_glandfront_aggregatedNeighbors.CD4.T.cells.HLA.DR.,0
Macrophages MDSC_glandfront_aggregatedNeighbors.CD8.T.cells.HLA.DR.,0
Macrophages MDSC_stromal_aggregatedNeighbors.Stroma.mesenchymal,0
Macrophages MDSC_stromal_aggregatedNeighbors.Stroma.fibroblast,0
Dendritic Cells CD86+_glandfront_aggregatedNeighbors.Gland.mesenchymal,0
Dendritic Cells CD86+_glandfront_aggregatedNeighbors.CD4.T.cells.CD80.CD86.,0
Dendritic Cells CD86+_glandfront_aggregatedNeighbors.NK.cells.CD56dimCD16.,0
Dendritic Cells CD86+_glandfront_aggregatedNeighbors.NK.cells.CD56brCD16.,0
Dendritic Cells CD86+_glandfront_aggregatedNeighbors.Stroma.fibroblast,0
Dendritic Cells CD86+_glandfront_aggregatedNeighbors.Stroma.vascular.endothelium,0
Dendritic Cells CD86+_glandfront_aggregatedNeighbors.Stroma.mesenchymal,0
Dendritic Cells CD86+_glandfront_aggregatedNeighbors.CD8.T.cells.CD80.CD86.,0
Dendritic Cells CD86+_glandfront_aggregatedNeighbors.CD8.T.cells.HLA.DR.,0
Dendritic Cells CD86+_glandfront_aggregatedNeighbors.NK.cells.CD56brCD16.NKG2AhiTIM3hi,0
Dendritic Cells CD86+_glandfront_aggregatedNeighbors.CD4.T.cells.HLA.DR.,0
Dendritic Cells CD86+_glandfront_aggregatedNeighbors.CD8.T.cells.FoxP3.,0
Dendritic Cells CD86+_0_aggregatedNeighbors.aSMA.br.glandular.epithelium,0
Dendritic Cells CD86+_0_aggregatedNeighbors.aSMA.br.epithelial.stem,0
Dendritic Cells CD86+_0_aggregatedNeighbors.aSMA.br.vascular.endothelium,0
Dendritic Cells CD86+_0_aggregatedNeighbors.aSMA.br.mesenchymal,0
Dendritic Cells CD86+_glandfront_aggregatedNeighbors.NK.cells.CD56brCD16.NKG2Ahi,0
Dendritic Cells CD86+_glandfront_aggregatedNeighbors.NK.cells.CD56brCD16.TIM3hi,0
Macrophages MDSC_stromal_aggregatedNeighbors.NK.cells.CD56brCD16.,0
Dendritic Cells CD86+_glandfront_aggregatedNeighbors.Dendritic.Cells.CD209CD33dp,0
Dendritic Cells CD86+_glandfront_aggregatedNeighbors.Gland.glandular.epithelium,0
Dendritic Cells CD86+_glandfront_aggregatedNeighbors.aSMA.br.vascular.endothelium,0
Dendritic Cells CD86+_glandfront_aggregatedNeighbors.aSMA.br.mesenchymal,0
Dendritic Cells CD86+_glandfront_aggregatedNeighbors.aSMA.br.fibroblast,0
Dendritic Cells CD86+_glandfront_aggregatedNeighbors.NKT,0
Dendritic Cells CD86+_glandfront_aggregatedNeighbors.Neutrophils,0
Dendritic Cells CD86+_glandfront_aggregatedNeighbors.Dendritic.Cells.CD209CD86dp,0
Dendritic Cells CD86+_glandfront_aggregatedNeighbors.NK.cells.CD56dimCD16.CD9hi,0
Dendritic Cells CD86+_glandfront_aggregatedNeighbors.Dendritic.Cells.CD33.,0
Dendritic Cells CD86+_glandfront_aggregatedNeighbors.Macrophages.MDSC,0
Dendritic Cells CD86+_glandfront_aggregatedNeighbors.Macrophages.M1.M2,0
Dendritic Cells CD86+_glandfront_aggregatedNeighbors.Macrophages.M2.like,0
Dendritic Cells CD86+_glandfront_aggregatedNeighbors.Macrophages.M1.like,0
Dendritic Cells CD86+_glandfront_aggregatedNeighbors.NK.cells.CD56brCD16.CD9hi,0
Dendritic Cells CD86+_0_aggregatedNeighbors.aSMA.br.fibroblast,0
Dendritic Cells CD86+_0_aggregatedNeighbors.Macrophages.M1.M2,0
Dendritic Cells CD86+_0_aggregatedNeighbors.Macrophages.M2.like,0
Macrophages MDSC_stromal_aggregatedNeighbors.Macrophages.M2.like,0
Macrophages MDSC_stromal_aggregatedNeighbors.Neutrophils,0
Macrophages MDSC_stromal_aggregatedNeighbors.Dendritic.Cells.CD209CD33dp,0
Macrophages MDSC_stromal_aggregatedNeighbors.Dendritic.Cells.CD209CD86dp,0
Macrophages MDSC_stromal_aggregatedNeighbors.Dendritic.Cells.CD33.,0
Macrophages MDSC_stromal_aggregatedNeighbors.Macrophages.MDSC,0
Macrophages MDSC_stromal_aggregatedNeighbors.Macrophages.M1.M2,0
Macrophages MDSC_stromal_aggregatedNeighbors.Macrophages.M1.like,0
Dendritic Cells CD86+_0_aggregatedNeighbors.Macrophages.M1.like,0
Macrophages MDSC_stromal_aggregatedNeighbors.NK.cells.CD56brCD16.CD9hi,0
Macrophages MDSC_stromal_aggregatedNeighbors.NK.cells.CD56dimCD16.CD9hi,0
Macrophages MDSC_stromal_aggregatedNeighbors.NK.cells.CD56brCD16.TIM3hi,0
Macrophages MDSC_stromal_aggregatedNeighbors.NK.cells.CD56brCD16.NKG2AhiTIM3hi,0
Macrophages MDSC_stromal_aggregatedNeighbors.NK.cells.CD56brCD16.NKG2Ahi,0
Macrophages MDSC_stromal_aggregatedNeighbors.NK.cells.CD56dimCD16.,0
Macrophages MDSC_stromal_aggregatedNeighbors.aSMA.br.fibroblast,0
Macrophages MDSC_stromal_aggregatedNeighbors.aSMA.br.mesenchymal,0
Macrophages MDSC_stromal_aggregatedNeighbors.aSMA.br.vascular.endothelium,0
Macrophages MDSC_stromal_aggregatedNeighbors.Gland.mesenchymal,0
Macrophages MDSC_stromal_aggregatedNeighbors.Gland.fibroblast,0
Macrophages MDSC_stromal_aggregatedNeighbors.Gland.vascular.endothelium,0
Macrophages MDSC_stromal_aggregatedNeighbors.aSMA.br.epithelial.stem,0
Macrophages MDSC_stromal_aggregatedNeighbors.aSMA.br.glandular.epithelium,0
Dendritic Cells CD86+_0_aggregatedNeighbors.CD4.T.cells.HLA.DR.,0
Dendritic Cells CD86+_0_aggregatedNeighbors.CD8.T.cells.HLA.DR.,0
Dendritic Cells CD86+_0_aggregatedNeighbors.CD4.T.cells.CD80.CD86.,0
Dendritic Cells CD86+_0_aggregatedNeighbors.CD8.T.cells.CD80.CD86.,0
Dendritic Cells CD86+_0_aggregatedNeighbors.NK.cells.CD56brCD16.,0
Dendritic Cells CD86+_0_aggregatedNeighbors.NK.cells.CD56brCD16.NKG2Ahi,0
Dendritic Cells CD86+_0_aggregatedNeighbors.NK.cells.CD56brCD16.NKG2AhiTIM3hi,0
Dendritic Cells CD86+_0_aggregatedNeighbors.NK.cells.CD56brCD16.TIM3hi,0
Dendritic Cells CD86+_0_aggregatedNeighbors.NK.cells.CD56brCD16.CD9hi,0
Dendritic Cells CD33+_stromal_aggregatedNeighbors.NK.cells.CD56brCD16.CD9hi,0
Dendritic Cells CD33+_stromal_aggregatedNeighbors.Macrophages.M2.like,0
NKT_glandfront_aggregatedNeighbors.Stroma.fibroblast,0
Dendritic Cells CD86CD33dp_stromal_aggregatedNeighbors.Stroma.fibroblast,0
Dendritic Cells CD86CD33dp_stromal_aggregatedNeighbors.NK.cells.CD56dimCD16.CD9hi,0
Dendritic Cells CD86CD33dp_stromal_aggregatedNeighbors.NK.cells.CD56brCD16.TIM3hi,0
Dendritic Cells CD86CD33dp_stromal_aggregatedNeighbors.NK.cells.CD56brCD16.NKG2AhiTIM3hi,0
Dendritic Cells CD86CD33dp_stromal_aggregatedNeighbors.NK.cells.CD56brCD16.NKG2Ahi,0
Dendritic Cells CD86CD33dp_stromal_aggregatedNeighbors.NK.cells.CD56dimCD16.,0
Dendritic Cells CD86CD33dp_stromal_aggregatedNeighbors.NK.cells.CD56brCD16.,0
Dendritic Cells CD86CD33dp_stromal_aggregatedNeighbors.Stroma.vascular.endothelium,0
Dendritic Cells CD86CD33dp_stromal_aggregatedNeighbors.Macrophages.M1.like,0
Dendritic Cells CD86CD33dp_stromal_aggregatedNeighbors.Stroma.mesenchymal,0
Dendritic Cells CD86CD33dp_stromal_aggregatedNeighbors.CD4.T.cells.CD11b.,0
Dendritic Cells CD86CD33dp_stromal_aggregatedNeighbors.CD8.T.cells.CD80.CD86.,0
Dendritic Cells CD86CD33dp_stromal_aggregatedNeighbors.CD4.T.cells.CD80.CD86.,0
Dendritic Cells CD86CD33dp_stromal_aggregatedNeighbors.CD8.T.cells.HLA.DR.,0
Dendritic Cells CD86CD33dp_stromal_aggregatedNeighbors.CD4.T.cells.HLA.DR.,0
Dendritic Cells CD86CD33dp_stromal_aggregatedNeighbors.NK.cells.CD56brCD16.CD9hi,0
Dendritic Cells CD86CD33dp_stromal_aggregatedNeighbors.Macrophages.M2.like,0
Neutrophils_glandfront_aggregatedNeighbors.CD8.T.cells.HLA.DR.,0
Dendritic Cells CD86CD33dp_stromal_aggregatedNeighbors.aSMA.br.vascular.endothelium,0
Neutrophils_glandfront_aggregatedNeighbors.CD8.T.cells.FoxP3.,0
Dendritic Cells CD86CD33dp_stromal_aggregatedNeighbors.aSMA.br.glandular.epithelium,0
Dendritic Cells CD86CD33dp_stromal_aggregatedNeighbors.aSMA.br.epithelial.stem,0
Dendritic Cells CD86CD33dp_stromal_aggregatedNeighbors.Gland.vascular.endothelium,0
Dendritic Cells CD86CD33dp_stromal_aggregatedNeighbors.Gland.fibroblast,0
Dendritic Cells CD86CD33dp_stromal_aggregatedNeighbors.Gland.mesenchymal,0
Dendritic Cells CD86CD33dp_stromal_aggregatedNeighbors.aSMA.br.mesenchymal,0
Dendritic Cells CD86CD33dp_stromal_aggregatedNeighbors.Macrophages.M1.M2,0
Dendritic Cells CD86CD33dp_stromal_aggregatedNeighbors.aSMA.br.fibroblast,0
Dendritic Cells CD86CD33dp_stromal_aggregatedNeighbors.Neutrophils,0
Dendritic Cells CD86CD33dp_stromal_aggregatedNeighbors.Dendritic.Cells.CD209CD33dp,0
Dendritic Cells CD86CD33dp_stromal_aggregatedNeighbors.Dendritic.Cells.CD209CD86dp,0
Dendritic Cells CD86CD33dp_stromal_aggregatedNeighbors.Dendritic.Cells.CD33.,0
Dendritic Cells CD86CD33dp_stromal_aggregatedNeighbors.Macrophages.MDSC,0
Dendritic Cells CD86CD33dp_stromal_aggregatedNeighbors.CD8.T.cells.FoxP3.,0
Dendritic Cells CD86CD33dp_glandfront_aggregatedNeighbors.aSMA.br.glandular.epithelium,0
Dendritic Cells CD86CD33dp_glandfront_aggregatedNeighbors.aSMA.br.epithelial.stem,0
Dendritic Cells CD86CD33dp_glandfront_aggregatedNeighbors.Stroma.vascular.endothelium,0
Dendritic Cells CD86CD33dp_glandfront_aggregatedNeighbors.NK.cells.CD56brCD16.TIM3hi,0
Dendritic Cells CD86CD33dp_glandfront_aggregatedNeighbors.NK.cells.CD56brCD16.NKG2AhiTIM3hi,0
Dendritic Cells CD86CD33dp_glandfront_aggregatedNeighbors.NK.cells.CD56brCD16.NKG2Ahi,0
Dendritic Cells CD86CD33dp_glandfront_aggregatedNeighbors.NK.cells.CD56dimCD16.,0
Dendritic Cells CD86CD33dp_glandfront_aggregatedNeighbors.NK.cells.CD56brCD16.,0
Dendritic Cells CD86CD33dp_glandfront_aggregatedNeighbors.Stroma.fibroblast,0
Dendritic Cells CD86CD33dp_glandfront_aggregatedNeighbors.Stroma.mesenchymal,0
Dendritic Cells CD86CD33dp_glandfront_aggregatedNeighbors.Gland.vascular.endothelium,0
Dendritic Cells CD86CD33dp_glandfront_aggregatedNeighbors.CD8.T.cells.CD80.CD86.,0
Dendritic Cells CD86CD33dp_glandfront_aggregatedNeighbors.CD4.T.cells.CD80.CD86.,0
Dendritic Cells CD86CD33dp_glandfront_aggregatedNeighbors.CD8.T.cells.HLA.DR.,0
Dendritic Cells CD86CD33dp_glandfront_aggregatedNeighbors.CD4.T.cells.HLA.DR.,0
Dendritic Cells CD86CD33dp_glandfront_aggregatedNeighbors.CD8.T.cells.FoxP3.,0
Dendritic Cells CD209CD33dp_stromal_aggregatedNeighbors.aSMA.br.glandular.epithelium,0
Dendritic Cells CD86CD33dp_glandfront_aggregatedNeighbors.NK.cells.CD56dimCD16.CD9hi,0
Dendritic Cells CD86CD33dp_glandfront_aggregatedNeighbors.NK.cells.CD56brCD16.CD9hi,0
Dendritic Cells CD86CD33dp_glandfront_aggregatedNeighbors.Macrophages.M1.like,0
Dendritic Cells CD86CD33dp_glandfront_aggregatedNeighbors.Macrophages.M2.like,0
Dendritic Cells CD86CD33dp_glandfront_aggregatedNeighbors.Macrophages.M1.M2,0
Dendritic Cells CD86CD33dp_glandfront_aggregatedNeighbors.Macrophages.MDSC,0
Dendritic Cells CD86CD33dp_glandfront_aggregatedNeighbors.Dendritic.Cells.CD33.,0
Dendritic Cells CD86CD33dp_glandfront_aggregatedNeighbors.Dendritic.Cells.CD209CD86dp,0
Dendritic Cells CD86CD33dp_glandfront_aggregatedNeighbors.Dendritic.Cells.CD209CD33dp,0
Dendritic Cells CD86CD33dp_glandfront_aggregatedNeighbors.Neutrophils,0
Dendritic Cells CD86CD33dp_glandfront_aggregatedNeighbors.NKT,0
Dendritic Cells CD86CD33dp_glandfront_aggregatedNeighbors.aSMA.br.fibroblast,0
Dendritic Cells CD86CD33dp_glandfront_aggregatedNeighbors.aSMA.br.mesenchymal,0
Dendritic Cells CD86CD33dp_glandfront_aggregatedNeighbors.aSMA.br.vascular.endothelium,0
Dendritic Cells CD86CD33dp_glandfront_aggregatedNeighbors.Gland.glandular.epithelium,0
Dendritic Cells CD86CD33dp_glandfront_aggregatedNeighbors.Gland.mesenchymal,0
Dendritic Cells CD86CD33dp_glandfront_aggregatedNeighbors.Gland.fibroblast,0
Neutrophils_glandfront_aggregatedNeighbors.CD4.T.cells.HLA.DR.,0
Neutrophils_glandfront_aggregatedNeighbors.CD4.T.cells.CD80.CD86.,0
Dendritic Cells CD209CD33dp_stromal_aggregatedNeighbors.Gland.vascular.endothelium,0
Neutrophils_stromal_aggregatedNeighbors.NK.cells.CD56dimCD16.CD9hi,0
Neutrophils_stromal_aggregatedNeighbors.Dendritic.Cells.CD33.,0
Neutrophils_stromal_aggregatedNeighbors.Macrophages.MDSC,0
Neutrophils_stromal_aggregatedNeighbors.Macrophages.M1.M2,0
Neutrophils_stromal_aggregatedNeighbors.Macrophages.M2.like,0
Neutrophils_stromal_aggregatedNeighbors.Macrophages.M1.like,0
Neutrophils_stromal_aggregatedNeighbors.NK.cells.CD56brCD16.CD9hi,0
Neutrophils_stromal_aggregatedNeighbors.NK.cells.CD56brCD16.TIM3hi,0
Neutrophils_stromal_aggregatedNeighbors.Dendritic.Cells.CD209CD33dp,0
Neutrophils_stromal_aggregatedNeighbors.NK.cells.CD56brCD16.NKG2AhiTIM3hi,0
Neutrophils_stromal_aggregatedNeighbors.NK.cells.CD56brCD16.NKG2Ahi,0
Neutrophils_stromal_aggregatedNeighbors.NK.cells.CD56dimCD16.,0
Neutrophils_stromal_aggregatedNeighbors.NK.cells.CD56brCD16.,0
Neutrophils_stromal_aggregatedNeighbors.Stroma.fibroblast,0
Neutrophils_stromal_aggregatedNeighbors.Stroma.vascular.endothelium,0
Neutrophils_stromal_aggregatedNeighbors.Dendritic.Cells.CD209CD86dp,0
Neutrophils_stromal_aggregatedNeighbors.Neutrophils,0
Neutrophils_glandfront_aggregatedNeighbors.CD8.T.cells.CD80.CD86.,0
NKT_glandfront_aggregatedNeighbors.CD8.T.cells.FoxP3.,0
NKT_glandfront_aggregatedNeighbors.Stroma.vascular.endothelium,0
NKT_glandfront_aggregatedNeighbors.Stroma.mesenchymal,0
NKT_glandfront_aggregatedNeighbors.CD8.T.cells.CD80.CD86.,0
NKT_glandfront_aggregatedNeighbors.CD4.T.cells.CD80.CD86.,0
NKT_glandfront_aggregatedNeighbors.CD8.T.cells.HLA.DR.,0
NKT_glandfront_aggregatedNeighbors.CD4.T.cells.HLA.DR.,0
Neutrophils_stromal_aggregatedNeighbors.aSMA.br.glandular.epithelium,0
Neutrophils_stromal_aggregatedNeighbors.aSMA.br.fibroblast,0
Neutrophils_stromal_aggregatedNeighbors.aSMA.br.epithelial.stem,0
Neutrophils_stromal_aggregatedNeighbors.Gland.vascular.endothelium,0
Neutrophils_stromal_aggregatedNeighbors.Gland.fibroblast,0
Neutrophils_stromal_aggregatedNeighbors.Gland.mesenchymal,0
Neutrophils_stromal_aggregatedNeighbors.aSMA.br.vascular.endothelium,0
Neutrophils_stromal_aggregatedNeighbors.aSMA.br.mesenchymal,0
Neutrophils_stromal_aggregatedNeighbors.Stroma.mesenchymal,0
Neutrophils_stromal_aggregatedNeighbors.CD4.T.cells.CD11b.,0
Neutrophils_stromal_aggregatedNeighbors.CD8.T.cells.CD80.CD86.,0
Neutrophils_glandfront_aggregatedNeighbors.NK.cells.CD56brCD16.TIM3hi,0
Neutrophils_glandfront_aggregatedNeighbors.Macrophages.MDSC,0
Neutrophils_glandfront_aggregatedNeighbors.Macrophages.M1.M2,0
Neutrophils_glandfront_aggregatedNeighbors.Macrophages.M2.like,0
Neutrophils_glandfront_aggregatedNeighbors.Macrophages.M1.like,0
Neutrophils_glandfront_aggregatedNeighbors.NK.cells.CD56brCD16.CD9hi,0
Neutrophils_glandfront_aggregatedNeighbors.NK.cells.CD56dimCD16.CD9hi,0
Neutrophils_glandfront_aggregatedNeighbors.NK.cells.CD56brCD16.NKG2AhiTIM3hi,0
Neutrophils_stromal_aggregatedNeighbors.CD4.T.cells.CD80.CD86.,0
Neutrophils_glandfront_aggregatedNeighbors.NK.cells.CD56brCD16.NKG2Ahi,0
Neutrophils_glandfront_aggregatedNeighbors.NK.cells.CD56dimCD16.,0
Neutrophils_glandfront_aggregatedNeighbors.NK.cells.CD56brCD16.,0
Neutrophils_glandfront_aggregatedNeighbors.Stroma.fibroblast,0
Neutrophils_glandfront_aggregatedNeighbors.Stroma.vascular.endothelium,0
Neutrophils_glandfront_aggregatedNeighbors.Stroma.mesenchymal,0
Neutrophils_glandfront_aggregatedNeighbors.Dendritic.Cells.CD33.,0
Neutrophils_glandfront_aggregatedNeighbors.Dendritic.Cells.CD209CD86dp,0
Neutrophils_glandfront_aggregatedNeighbors.Dendritic.Cells.CD209CD33dp,0
Neutrophils_glandfront_aggregatedNeighbors.Neutrophils,0
Neutrophils_glandfront_aggregatedNeighbors.NKT,0
Neutrophils_glandfront_aggregatedNeighbors.aSMA.br.fibroblast,0
Neutrophils_glandfront_aggregatedNeighbors.aSMA.br.mesenchymal,0
Neutrophils_glandfront_aggregatedNeighbors.aSMA.br.vascular.endothelium,0
Neutrophils_glandfront_aggregatedNeighbors.Gland.glandular.epithelium,0
Neutrophils_glandfront_aggregatedNeighbors.Gland.mesenchymal,0
Neutrophils_glandfront_aggregatedNeighbors.Gland.fibroblast,0
Neutrophils_glandfront_aggregatedNeighbors.Gland.vascular.endothelium,0
Neutrophils_glandfront_aggregatedNeighbors.aSMA.br.epithelial.stem,0
Neutrophils_glandfront_aggregatedNeighbors.aSMA.br.glandular.epithelium,0
Neutrophils_stromal_aggregatedNeighbors.CD8.T.cells.FoxP3.,0
Neutrophils_stromal_aggregatedNeighbors.CD4.T.cells.HLA.DR.,0
Neutrophils_stromal_aggregatedNeighbors.CD8.T.cells.HLA.DR.,0
Dendritic Cells CD209CD33dp_stromal_aggregatedNeighbors.aSMA.br.epithelial.stem,0
Dendritic Cells CD209CD33dp_stromal_aggregatedNeighbors.Gland.fibroblast,0
Dendritic Cells CD33+_stromal_aggregatedNeighbors.Macrophages.M1.M2,0
Dendritic Cells CD209CD86dp_glandfront_aggregatedNeighbors.Gland.fibroblast,0
Dendritic Cells CD209CD86dp_stromal_aggregatedNeighbors.CD8.T.cells.HLA.DR.,0
Dendritic Cells CD209CD86dp_stromal_aggregatedNeighbors.CD4.T.cells.HLA.DR.,0
Dendritic Cells CD209CD86dp_stromal_aggregatedNeighbors.CD8.T.cells.FoxP3.,0
Dendritic Cells CD209CD86dp_glandfront_aggregatedNeighbors.aSMA.br.glandular.epithelium,0
Dendritic Cells CD209CD86dp_glandfront_aggregatedNeighbors.aSMA.br.epithelial.stem,0
Dendritic Cells CD209CD86dp_glandfront_aggregatedNeighbors.Gland.vascular.endothelium,0
Dendritic Cells CD209CD86dp_glandfront_aggregatedNeighbors.Gland.mesenchymal,0
Dendritic Cells CD209CD86dp_stromal_aggregatedNeighbors.CD8.T.cells.CD80.CD86.,0
Dendritic Cells CD209CD86dp_glandfront_aggregatedNeighbors.Gland.glandular.epithelium,0
Dendritic Cells CD209CD86dp_glandfront_aggregatedNeighbors.aSMA.br.vascular.endothelium,0
Dendritic Cells CD209CD86dp_glandfront_aggregatedNeighbors.aSMA.br.mesenchymal,0
Dendritic Cells CD209CD86dp_glandfront_aggregatedNeighbors.aSMA.br.fibroblast,0
Dendritic Cells CD209CD86dp_glandfront_aggregatedNeighbors.NKT,0
Dendritic Cells CD209CD86dp_glandfront_aggregatedNeighbors.Neutrophils,0
Dendritic Cells CD209CD86dp_stromal_aggregatedNeighbors.CD4.T.cells.CD80.CD86.,0
Dendritic Cells CD209CD86dp_stromal_aggregatedNeighbors.CD4.T.cells.CD11b.,0
Dendritic Cells CD209CD86dp_stromal_aggregatedNeighbors.Dendritic.Cells.CD209CD33dp,0
Dendritic Cells CD209CD86dp_stromal_aggregatedNeighbors.NK.cells.CD56dimCD16.CD9hi,0
Dendritic Cells CD209CD86dp_stromal_aggregatedNeighbors.Dendritic.Cells.CD33.,0
Dendritic Cells CD209CD86dp_stromal_aggregatedNeighbors.Macrophages.MDSC,0
Dendritic Cells CD209CD86dp_stromal_aggregatedNeighbors.Macrophages.M1.M2,0
Dendritic Cells CD209CD86dp_stromal_aggregatedNeighbors.Macrophages.M2.like,0
Dendritic Cells CD209CD86dp_stromal_aggregatedNeighbors.Macrophages.M1.like,0
Dendritic Cells CD209CD86dp_stromal_aggregatedNeighbors.NK.cells.CD56brCD16.CD9hi,0
Dendritic Cells CD209CD86dp_stromal_aggregatedNeighbors.NK.cells.CD56brCD16.TIM3hi,0
Dendritic Cells CD209CD86dp_stromal_aggregatedNeighbors.Stroma.mesenchymal,0
Dendritic Cells CD209CD86dp_stromal_aggregatedNeighbors.NK.cells.CD56brCD16.NKG2AhiTIM3hi,0
Dendritic Cells CD209CD86dp_stromal_aggregatedNeighbors.NK.cells.CD56brCD16.NKG2Ahi,0
Dendritic Cells CD209CD86dp_stromal_aggregatedNeighbors.NK.cells.CD56dimCD16.,0
Dendritic Cells CD209CD86dp_stromal_aggregatedNeighbors.NK.cells.CD56brCD16.,0
Dendritic Cells CD209CD86dp_stromal_aggregatedNeighbors.Stroma.fibroblast,0
Dendritic Cells CD209CD86dp_stromal_aggregatedNeighbors.Stroma.vascular.endothelium,0
Dendritic Cells CD209CD86dp_glandfront_aggregatedNeighbors.Dendritic.Cells.CD209CD33dp,0
Dendritic Cells CD209CD86dp_glandfront_aggregatedNeighbors.Dendritic.Cells.CD209CD86dp,0
Dendritic Cells CD209CD86dp_glandfront_aggregatedNeighbors.Dendritic.Cells.CD33.,0
Dendritic Cells CD33+_stromal_aggregatedNeighbors.aSMA.br.vascular.endothelium,0
Dendritic Cells CD209CD86dp_glandfront_aggregatedNeighbors.CD8.T.cells.FoxP3.,0
Dendritic Cells CD33+_stromal_aggregatedNeighbors.aSMA.br.glandular.epithelium,0
Dendritic Cells CD33+_stromal_aggregatedNeighbors.aSMA.br.epithelial.stem,0
Dendritic Cells CD33+_stromal_aggregatedNeighbors.Gland.vascular.endothelium,0
Dendritic Cells CD33+_stromal_aggregatedNeighbors.Gland.fibroblast,0
Dendritic Cells CD33+_stromal_aggregatedNeighbors.Gland.mesenchymal,0
Dendritic Cells CD33+_stromal_aggregatedNeighbors.aSMA.br.mesenchymal,0
Dendritic Cells CD209CD86dp_glandfront_aggregatedNeighbors.Macrophages.MDSC,0
Dendritic Cells CD33+_stromal_aggregatedNeighbors.aSMA.br.fibroblast,0
Dendritic Cells CD33+_stromal_aggregatedNeighbors.Neutrophils,0
Dendritic Cells CD33+_stromal_aggregatedNeighbors.Dendritic.Cells.CD209CD33dp,0
Dendritic Cells CD33+_stromal_aggregatedNeighbors.Dendritic.Cells.CD209CD86dp,0
Dendritic Cells CD33+_stromal_aggregatedNeighbors.Dendritic.Cells.CD33.,0
Dendritic Cells CD33+_stromal_aggregatedNeighbors.Macrophages.MDSC,0
Dendritic Cells CD209CD86dp_glandfront_aggregatedNeighbors.CD4.T.cells.HLA.DR.,0
Dendritic Cells CD209CD86dp_glandfront_aggregatedNeighbors.CD8.T.cells.HLA.DR.,0
Dendritic Cells CD209CD86dp_glandfront_aggregatedNeighbors.CD4.T.cells.CD80.CD86.,0
Dendritic Cells CD209CD86dp_glandfront_aggregatedNeighbors.CD8.T.cells.CD80.CD86.,0
Dendritic Cells CD209CD86dp_glandfront_aggregatedNeighbors.Stroma.mesenchymal,0
Dendritic Cells CD209CD86dp_glandfront_aggregatedNeighbors.Stroma.vascular.endothelium,0
Dendritic Cells CD209CD86dp_glandfront_aggregatedNeighbors.Stroma.fibroblast,0
Dendritic Cells CD209CD86dp_glandfront_aggregatedNeighbors.NK.cells.CD56brCD16.,0
Dendritic Cells CD209CD86dp_glandfront_aggregatedNeighbors.NK.cells.CD56dimCD16.,0
Dendritic Cells CD209CD86dp_glandfront_aggregatedNeighbors.NK.cells.CD56brCD16.NKG2Ahi,0
Dendritic Cells CD209CD86dp_glandfront_aggregatedNeighbors.NK.cells.CD56brCD16.NKG2AhiTIM3hi,0
Dendritic Cells CD209CD86dp_glandfront_aggregatedNeighbors.NK.cells.CD56brCD16.TIM3hi,0
Dendritic Cells CD209CD86dp_glandfront_aggregatedNeighbors.NK.cells.CD56dimCD16.CD9hi,0
Dendritic Cells CD209CD86dp_glandfront_aggregatedNeighbors.NK.cells.CD56brCD16.CD9hi,0
Dendritic Cells CD209CD86dp_glandfront_aggregatedNeighbors.Macrophages.M1.like,0
Dendritic Cells CD209CD86dp_glandfront_aggregatedNeighbors.Macrophages.M2.like,0
Dendritic Cells CD209CD86dp_glandfront_aggregatedNeighbors.Macrophages.M1.M2,0
Dendritic Cells CD209CD86dp_stromal_aggregatedNeighbors.Dendritic.Cells.CD209CD86dp,0
Dendritic Cells CD209CD86dp_stromal_aggregatedNeighbors.Neutrophils,0
Dendritic Cells CD209CD33dp_stromal_aggregatedNeighbors.Gland.mesenchymal,0
Dendritic Cells CD209CD33dp_stromal_aggregatedNeighbors.CD8.T.cells.HLA.DR.,0
Dendritic Cells CD209CD33dp_stromal_aggregatedNeighbors.Stroma.fibroblast,0
Dendritic Cells CD209CD33dp_stromal_aggregatedNeighbors.Stroma.vascular.endothelium,0
Dendritic Cells CD209CD33dp_stromal_aggregatedNeighbors.Stroma.mesenchymal,0
Dendritic Cells CD209CD33dp_stromal_aggregatedNeighbors.CD4.T.cells.CD11b.,0
Dendritic Cells CD209CD33dp_stromal_aggregatedNeighbors.CD8.T.cells.CD80.CD86.,0
Dendritic Cells CD209CD33dp_stromal_aggregatedNeighbors.CD4.T.cells.CD80.CD86.,0
Dendritic Cells CD209CD33dp_stromal_aggregatedNeighbors.CD4.T.cells.HLA.DR.,0
Dendritic Cells CD209CD33dp_stromal_aggregatedNeighbors.NK.cells.CD56dimCD16.,0
Dendritic Cells CD209CD33dp_stromal_aggregatedNeighbors.CD8.T.cells.FoxP3.,0
Dendritic Cells CD209CD33dp_glandfront_aggregatedNeighbors.aSMA.br.glandular.epithelium,0
Dendritic Cells CD209CD33dp_glandfront_aggregatedNeighbors.aSMA.br.epithelial.stem,0
Dendritic Cells CD209CD33dp_glandfront_aggregatedNeighbors.Gland.vascular.endothelium,0
Dendritic Cells CD209CD33dp_glandfront_aggregatedNeighbors.Gland.fibroblast,0
Dendritic Cells CD209CD33dp_glandfront_aggregatedNeighbors.Gland.mesenchymal,0
Dendritic Cells CD209CD33dp_stromal_aggregatedNeighbors.NK.cells.CD56brCD16.,0
Dendritic Cells CD209CD33dp_stromal_aggregatedNeighbors.NK.cells.CD56brCD16.NKG2Ahi,0
Dendritic Cells CD209CD86dp_stromal_aggregatedNeighbors.aSMA.br.fibroblast,0
Dendritic Cells CD209CD33dp_stromal_aggregatedNeighbors.Dendritic.Cells.CD33.,0
Dendritic Cells CD209CD33dp_stromal_aggregatedNeighbors.aSMA.br.vascular.endothelium,0
Dendritic Cells CD209CD33dp_stromal_aggregatedNeighbors.aSMA.br.mesenchymal,0
Dendritic Cells CD209CD33dp_stromal_aggregatedNeighbors.aSMA.br.fibroblast,0
Dendritic Cells CD209CD33dp_stromal_aggregatedNeighbors.Neutrophils,0
Dendritic Cells CD209CD33dp_stromal_aggregatedNeighbors.Dendritic.Cells.CD209CD33dp,0
Dendritic Cells CD209CD33dp_stromal_aggregatedNeighbors.Dendritic.Cells.CD209CD86dp,0
Dendritic Cells CD209CD33dp_stromal_aggregatedNeighbors.Macrophages.MDSC,0
Dendritic Cells CD209CD33dp_stromal_aggregatedNeighbors.NK.cells.CD56brCD16.NKG2AhiTIM3hi,0
Dendritic Cells CD209CD33dp_stromal_aggregatedNeighbors.Macrophages.M1.M2,0
Dendritic Cells CD209CD33dp_stromal_aggregatedNeighbors.Macrophages.M2.like,0
Dendritic Cells CD209CD33dp_stromal_aggregatedNeighbors.Macrophages.M1.like,0
Dendritic Cells CD209CD33dp_stromal_aggregatedNeighbors.NK.cells.CD56brCD16.CD9hi,0
Dendritic Cells CD209CD33dp_stromal_aggregatedNeighbors.NK.cells.CD56dimCD16.CD9hi,0
Dendritic Cells CD209CD33dp_stromal_aggregatedNeighbors.NK.cells.CD56brCD16.TIM3hi,0
Dendritic Cells CD209CD33dp_glandfront_aggregatedNeighbors.Gland.glandular.epithelium,0
Dendritic Cells CD209CD33dp_glandfront_aggregatedNeighbors.aSMA.br.vascular.endothelium,0
Dendritic Cells CD209CD33dp_glandfront_aggregatedNeighbors.aSMA.br.mesenchymal,0
Dendritic Cells CD209CD33dp_glandfront_aggregatedNeighbors.CD8.T.cells.FoxP3.,0
Dendritic Cells CD209CD33dp_glandfront_aggregatedNeighbors.Stroma.vascular.endothelium,0
Dendritic Cells CD209CD33dp_glandfront_aggregatedNeighbors.Stroma.mesenchymal,0
Dendritic Cells CD209CD33dp_glandfront_aggregatedNeighbors.CD8.T.cells.CD80.CD86.,0
Dendritic Cells CD209CD33dp_glandfront_aggregatedNeighbors.CD4.T.cells.CD80.CD86.,0
Dendritic Cells CD209CD33dp_glandfront_aggregatedNeighbors.CD8.T.cells.HLA.DR.,0
Dendritic Cells CD209CD33dp_glandfront_aggregatedNeighbors.CD4.T.cells.HLA.DR.,0
Dendritic Cells CD209CD86dp_stromal_aggregatedNeighbors.aSMA.br.glandular.epithelium,0
Dendritic Cells CD209CD33dp_glandfront_aggregatedNeighbors.aSMA.br.fibroblast,0
Dendritic Cells CD209CD86dp_stromal_aggregatedNeighbors.aSMA.br.epithelial.stem,0
Dendritic Cells CD209CD86dp_stromal_aggregatedNeighbors.Gland.vascular.endothelium,0
Dendritic Cells CD209CD86dp_stromal_aggregatedNeighbors.Gland.fibroblast,0
Dendritic Cells CD209CD86dp_stromal_aggregatedNeighbors.Gland.mesenchymal,0
Dendritic Cells CD209CD86dp_stromal_aggregatedNeighbors.aSMA.br.vascular.endothelium,0
Dendritic Cells CD209CD86dp_stromal_aggregatedNeighbors.aSMA.br.mesenchymal,0
Dendritic Cells CD209CD33dp_glandfront_aggregatedNeighbors.Stroma.fibroblast,0
Dendritic Cells CD209CD33dp_glandfront_aggregatedNeighbors.NK.cells.CD56brCD16.,0
Dendritic Cells CD209CD33dp_glandfront_aggregatedNeighbors.NK.cells.CD56dimCD16.,0
Dendritic Cells CD209CD33dp_glandfront_aggregatedNeighbors.NK.cells.CD56brCD16.NKG2Ahi,0
Dendritic Cells CD209CD33dp_glandfront_aggregatedNeighbors.NK.cells.CD56brCD16.NKG2AhiTIM3hi,0
Dendritic Cells CD209CD33dp_glandfront_aggregatedNeighbors.NK.cells.CD56brCD16.TIM3hi,0
Dendritic Cells CD209CD33dp_glandfront_aggregatedNeighbors.NK.cells.CD56dimCD16.CD9hi,0
Dendritic Cells CD209CD33dp_glandfront_aggregatedNeighbors.NK.cells.CD56brCD16.CD9hi,0
Dendritic Cells CD209CD33dp_glandfront_aggregatedNeighbors.Macrophages.M1.like,0
Dendritic Cells CD209CD33dp_glandfront_aggregatedNeighbors.Macrophages.M2.like,0
Dendritic Cells CD209CD33dp_glandfront_aggregatedNeighbors.Macrophages.M1.M2,0
Dendritic Cells CD209CD33dp_glandfront_aggregatedNeighbors.Macrophages.MDSC,0
Dendritic Cells CD209CD33dp_glandfront_aggregatedNeighbors.Dendritic.Cells.CD33.,0
Dendritic Cells CD209CD33dp_glandfront_aggregatedNeighbors.Dendritic.Cells.CD209CD86dp,0
Dendritic Cells CD209CD33dp_glandfront_aggregatedNeighbors.Dendritic.Cells.CD209CD33dp,0
Dendritic Cells CD209CD33dp_glandfront_aggregatedNeighbors.Neutrophils,0
Dendritic Cells CD209CD33dp_glandfront_aggregatedNeighbors.NKT,0
CD8 T cells CD80/CD86+_glandfront_aggregatedNeighbors.NKT,0
CD4 T cells CD80/CD86+_stromal_aggregatedNeighbors.Macrophages.M1.M2,0
CD8 T cells CD80/CD86+_glandfront_aggregatedNeighbors.Dendritic.Cells.CD209CD33dp,0
Macrophages M1-like_glandfront_IFNg,0
Macrophages M1-like_glandfront_NKG2C,0
Macrophages M1-like_glandfront_NKG2A,0
Macrophages M1-like_glandfront_TIM3,0
Macrophages M1-like_glandfront_Ki67,0
Macrophages M1-like_glandfront_GranzymeB,0
Macrophages M1-like_glandfront_VEGF,0
Macrophages M1-like_glandfront_pP38,0
Macrophages M2-like_glandfront_ERa,0
Macrophages M1-like_glandfront_PR,0
Macrophages M1-like_glandfront_ERa,0
NK cells CD56brCD16-CD9hi_stromal_Dx,0
NK cells CD56brCD16-CD9hi_stromal_patient_id,0
NK cells CD56brCD16-CD9hi_stromal_HLA-DR,0
NK cells CD56brCD16-CD9hi_stromal_CD27,0
Macrophages M1-like_glandfront_CD27,0
Macrophages M1-like_glandfront_HLA-DR,0
Macrophages M1-like_glandfront_patient_id,0
Macrophages M1-like_glandfront_Dx,0
Macrophages M1-like_stromal_ERa,0
Macrophages M1-like_stromal_PR,0
Macrophages M1-like_stromal_pP38,0
Macrophages M1-like_stromal_IFNg,0
Macrophages M1-like_stromal_VEGF,0
Macrophages M1-like_stromal_GranzymeB,0
Macrophages M1-like_stromal_Ki67,0
Macrophages M1-like_stromal_TIM3,0
Macrophages M1-like_stromal_NKG2A,0
Macrophages M1-like_stromal_NKG2C,0
Macrophages M1-like_stromal_CD27,0
Macrophages M1-like_stromal_HLA-DR,0
Macrophages M1-like_stromal_patient_id,0
NK cells CD56brCD16-CD9hi_stromal_NKG2C,0
NK cells CD56brCD16-CD9hi_stromal_NKG2A,0
NK cells CD56brCD16-CD9hi_stromal_TIM3,0
NK cells CD56brCD16-CD9hi_glandfront_VEGF,0
NK cells CD56dimCD16+CD9hi_stromal_VEGF,0
NK cells CD56dimCD16+CD9hi_stromal_GranzymeB,0
NK cells CD56dimCD16+CD9hi_stromal_Ki67,0
NK cells CD56dimCD16+CD9hi_stromal_TIM3,0
NK cells CD56dimCD16+CD9hi_stromal_NKG2A,0
NK cells CD56dimCD16+CD9hi_stromal_NKG2C,0
NK cells CD56dimCD16+CD9hi_stromal_CD27,0
NK cells CD56dimCD16+CD9hi_stromal_HLA-DR,0
NK cells CD56dimCD16+CD9hi_stromal_patient_id,0
NK cells CD56dimCD16+CD9hi_stromal_Dx,0
NK cells CD56brCD16-CD9hi_glandfront_ERa,0
NK cells CD56brCD16-CD9hi_glandfront_PR,0
NK cells CD56brCD16-CD9hi_glandfront_pP38,0
NK cells CD56brCD16-CD9hi_glandfront_IFNg,0
NK cells CD56brCD16-CD9hi_glandfront_GranzymeB,0
NK cells CD56brCD16-CD9hi_stromal_Ki67,0
NK cells CD56brCD16-CD9hi_glandfront_Ki67,0
NK cells CD56brCD16-CD9hi_glandfront_TIM3,0
NK cells CD56brCD16-CD9hi_glandfront_NKG2A,0
NK cells CD56brCD16-CD9hi_glandfront_NKG2C,0
NK cells CD56brCD16-CD9hi_glandfront_CD27,0
NK cells CD56brCD16-CD9hi_glandfront_HLA-DR,0
NK cells CD56brCD16-CD9hi_glandfront_patient_id,0
NK cells CD56brCD16-CD9hi_glandfront_Dx,0
NK cells CD56brCD16-CD9hi_stromal_ERa,0
NK cells CD56brCD16-CD9hi_stromal_PR,0
NK cells CD56brCD16-CD9hi_stromal_pP38,0
NK cells CD56brCD16-CD9hi_stromal_IFNg,0
NK cells CD56brCD16-CD9hi_stromal_VEGF,0
NK cells CD56brCD16-CD9hi_stromal_GranzymeB,0
Macrophages M1-like_stromal_Dx,0
Macrophages M2-like_glandfront_PR,0
Macrophages MDSC_stromal_pP38,0
Macrophages M1/M2_stromal_VEGF,0
Macrophages M1/M2_stromal_CD27,0
Macrophages M1/M2_stromal_NKG2C,0
Macrophages M1/M2_stromal_NKG2A,0
Macrophages M1/M2_stromal_TIM3,0
Macrophages M1/M2_stromal_Ki67,0
Macrophages M1/M2_stromal_GranzymeB,0
Macrophages M1/M2_stromal_IFNg,0
Macrophages M2-like_glandfront_pP38,0
Macrophages M1/M2_stromal_pP38,0
Macrophages M1/M2_stromal_PR,0
Macrophages M1/M2_stromal_ERa,0
Macrophages M1/M2_glandfront_Dx,0
Macrophages M1/M2_glandfront_patient_id,0
Macrophages M1/M2_glandfront_CD27,0
Macrophages M1/M2_stromal_HLA-DR,0
Macrophages M1/M2_stromal_patient_id,0
Macrophages M1/M2_stromal_Dx,0
Macrophages MDSC_glandfront_ERa,0
Macrophages MDSC_glandfront_PR,0
Macrophages MDSC_glandfront_pP38,0
Macrophages MDSC_glandfront_IFNg,0
Macrophages MDSC_glandfront_VEGF,0
Macrophages MDSC_glandfront_Ki67,0
Macrophages MDSC_glandfront_TIM3,0
Macrophages MDSC_glandfront_NKG2A,0
Macrophages MDSC_glandfront_NKG2C,0
Macrophages MDSC_glandfront_CD27,0
Macrophages MDSC_glandfront_HLA-DR,0
Macrophages MDSC_glandfront_patient_id,0
Macrophages MDSC_glandfront_Dx,0
Macrophages MDSC_stromal_ERa,0
Macrophages M1/M2_glandfront_NKG2C,0
Macrophages M1/M2_glandfront_NKG2A,0
Macrophages M1/M2_glandfront_TIM3,0
Macrophages M2-like_stromal_VEGF,0
Macrophages M2-like_glandfront_IFNg,0
Macrophages M2-like_glandfront_VEGF,0
Macrophages M2-like_glandfront_GranzymeB,0
Macrophages M2-like_glandfront_Ki67,0
Macrophages M2-like_glandfront_TIM3,0
Macrophages M2-like_glandfront_NKG2A,0
Macrophages M2-like_glandfront_NKG2C,0
Macrophages M2-like_glandfront_CD27,0
Macrophages M2-like_glandfront_patient_id,0
Macrophages M2-like_glandfront_Dx,0
Macrophages M2-like_stromal_ERa,0
Macrophages M2-like_stromal_PR,0
Macrophages M2-like_stromal_pP38,0
Macrophages M2-like_stromal_IFNg,0
Macrophages M2-like_stromal_GranzymeB,0
Macrophages M1/M2_glandfront_Ki67,0
Macrophages M2-like_stromal_Ki67,0
Macrophages M2-like_stromal_TIM3,0
Macrophages M2-like_stromal_NKG2A,0
Macrophages M2-like_stromal_NKG2C,0
Macrophages M2-like_stromal_CD27,0
Macrophages M2-like_stromal_HLA-DR,0
Macrophages M2-like_stromal_patient_id,0
Macrophages M2-like_stromal_Dx,0
Macrophages M1/M2_glandfront_ERa,0
Macrophages M1/M2_glandfront_PR,0
Macrophages M1/M2_glandfront_pP38,0
Macrophages M1/M2_glandfront_IFNg,0
Macrophages M1/M2_glandfront_VEGF,0
Macrophages M1/M2_glandfront_GranzymeB,0
NK cells CD56dimCD16+CD9hi_stromal_IFNg,0
NK cells CD56dimCD16+CD9hi_stromal_pP38,0
NK cells CD56dimCD16+CD9hi_stromal_PR,0
NK cells CD56dimCD16+_stromal_VEGF,0
NK cells CD56dimCD16+_stromal_CD27,0
NK cells CD56dimCD16+_stromal_NKG2C,0
NK cells CD56dimCD16+_stromal_NKG2A,0
NK cells CD56dimCD16+_stromal_TIM3,0
NK cells CD56dimCD16+_stromal_Ki67,0
NK cells CD56dimCD16+_stromal_GranzymeB,0
NK cells CD56dimCD16+_stromal_IFNg,0
NK cells CD56dimCD16+CD9hi_stromal_ERa,0
NK cells CD56dimCD16+_stromal_pP38,0
NK cells CD56dimCD16+_stromal_PR,0
NK cells CD56dimCD16+_stromal_ERa,0
NK cells CD56dimCD16+_intragland_Dx,0
NK cells CD56dimCD16+_intragland_patient_id,0
NK cells CD56dimCD16+_intragland_HLA-DR,0
NK cells CD56dimCD16+_stromal_HLA-DR,0
NK cells CD56dimCD16+_stromal_patient_id,0
NK cells CD56dimCD16+_stromal_Dx,0
NK cells CD56brCD16-NKG2AhiTIM3hi_stromal_ERa,0
NK cells CD56brCD16-NKG2AhiTIM3hi_stromal_PR,0
NK cells CD56brCD16-NKG2AhiTIM3hi_stromal_pP38,0
NK cells CD56brCD16-NKG2AhiTIM3hi_stromal_IFNg,0
NK cells CD56brCD16-NKG2AhiTIM3hi_stromal_VEGF,0
NK cells CD56brCD16-NKG2AhiTIM3hi_stromal_GranzymeB,0
NK cells CD56brCD16-NKG2AhiTIM3hi_stromal_Ki67,0
NK cells CD56brCD16-NKG2AhiTIM3hi_stromal_TIM3,0
NK cells CD56brCD16-NKG2AhiTIM3hi_stromal_NKG2A,0
NK cells CD56brCD16-NKG2AhiTIM3hi_stromal_NKG2C,0
NK cells CD56brCD16-NKG2AhiTIM3hi_stromal_CD27,0
NK cells CD56brCD16-NKG2AhiTIM3hi_stromal_HLA-DR,0
NK cells CD56brCD16-NKG2AhiTIM3hi_stromal_patient_id,0
NK cells CD56brCD16-NKG2AhiTIM3hi_stromal_Dx,0
NK cells CD56dimCD16+_intragland_CD27,0
NK cells CD56dimCD16+_intragland_NKG2C,0
NK cells CD56dimCD16+_intragland_NKG2A,0
NK cells CD56dimCD16+_glandfront_GranzymeB,0
NK cells CD56dimCD16+_0_GranzymeB,0
NK cells CD56dimCD16+_0_Ki67,0
NK cells CD56dimCD16+_0_TIM3,0
NK cells CD56dimCD16+_0_NKG2A,0
NK cells CD56dimCD16+_0_NKG2C,0
NK cells CD56dimCD16+_0_CD27,0
NK cells CD56dimCD16+_0_HLA-DR,0
NK cells CD56dimCD16+_0_patient_id,0
NK cells CD56dimCD16+_0_Dx,0
NK cells CD56dimCD16+_glandfront_ERa,0
NK cells CD56dimCD16+_glandfront_PR,0
NK cells CD56dimCD16+_glandfront_pP38,0
NK cells CD56dimCD16+_glandfront_IFNg,0
NK cells CD56dimCD16+_glandfront_VEGF,0
NK cells CD56dimCD16+_glandfront_Ki67,0
NK cells CD56dimCD16+_intragland_TIM3,0
NK cells CD56dimCD16+_glandfront_TIM3,0
NK cells CD56dimCD16+_glandfront_NKG2A,0
NK cells CD56dimCD16+_glandfront_NKG2C,0
NK cells CD56dimCD16+_glandfront_CD27,0
NK cells CD56dimCD16+_glandfront_HLA-DR,0
NK cells CD56dimCD16+_glandfront_patient_id,0
NK cells CD56dimCD16+_glandfront_Dx,0
NK cells CD56dimCD16+_intragland_ERa,0
NK cells CD56dimCD16+_intragland_PR,0
NK cells CD56dimCD16+_intragland_pP38,0
NK cells CD56dimCD16+_intragland_IFNg,0
NK cells CD56dimCD16+_intragland_VEGF,0
NK cells CD56dimCD16+_intragland_GranzymeB,0
NK cells CD56dimCD16+_intragland_Ki67,0
NK cells CD56brCD16-TIM3hi_glandfront_ERa,0
NK cells CD56brCD16-TIM3hi_glandfront_PR,0
NK cells CD56brCD16-TIM3hi_glandfront_pP38,0
NK cells CD56dimCD16+CD9hi_glandfront_patient_id,0
NK cells CD56dimCD16+CD9hi_0_patient_id,0
NK cells CD56dimCD16+CD9hi_0_Dx,0
NK cells CD56dimCD16+CD9hi_glandfront_ERa,0
NK cells CD56dimCD16+CD9hi_glandfront_PR,0
NK cells CD56dimCD16+CD9hi_glandfront_pP38,0
NK cells CD56dimCD16+CD9hi_glandfront_IFNg,0
NK cells CD56dimCD16+CD9hi_glandfront_VEGF,0
NK cells CD56dimCD16+CD9hi_glandfront_GranzymeB,0
NK cells CD56dimCD16+CD9hi_glandfront_Ki67,0
NK cells CD56dimCD16+CD9hi_glandfront_TIM3,0
NK cells CD56dimCD16+CD9hi_glandfront_NKG2A,0
NK cells CD56dimCD16+CD9hi_glandfront_NKG2C,0
NK cells CD56dimCD16+CD9hi_glandfront_CD27,0
NK cells CD56dimCD16+CD9hi_glandfront_HLA-DR,0
NK cells CD56dimCD16+CD9hi_glandfront_Dx,0
NK cells CD56dimCD16+CD9hi_0_CD27,0
NK cells CD56dimCD16+CD9hi_intragland_ERa,0
NK cells CD56dimCD16+CD9hi_intragland_PR,0
NK cells CD56dimCD16+CD9hi_intragland_pP38,0
NK cells CD56dimCD16+CD9hi_intragland_IFNg,0
NK cells CD56dimCD16+CD9hi_intragland_VEGF,0
NK cells CD56dimCD16+CD9hi_intragland_GranzymeB,0
NK cells CD56dimCD16+CD9hi_intragland_Ki67,0
NK cells CD56dimCD16+CD9hi_intragland_TIM3,0
NK cells CD56dimCD16+CD9hi_intragland_NKG2A,0
NK cells CD56dimCD16+CD9hi_intragland_NKG2C,0
NK cells CD56dimCD16+CD9hi_intragland_CD27,0
NK cells CD56dimCD16+CD9hi_intragland_HLA-DR,0
NK cells CD56dimCD16+CD9hi_intragland_patient_id,0
NK cells CD56dimCD16+CD9hi_intragland_Dx,0
NK cells CD56dimCD16+CD9hi_0_HLA-DR,0
NK cells CD56dimCD16+CD9hi_0_NKG2C,0
NK cells CD56brCD16-TIM3hi_glandfront_IFNg,0
NK cells CD56brCD16-TIM3hi_stromal_Ki67,0
NK cells CD56brCD16-TIM3hi_glandfront_GranzymeB,0
NK cells CD56brCD16-TIM3hi_glandfront_Ki67,0
NK cells CD56brCD16-TIM3hi_glandfront_TIM3,0
NK cells CD56brCD16-TIM3hi_glandfront_NKG2A,0
NK cells CD56brCD16-TIM3hi_glandfront_NKG2C,0
NK cells CD56brCD16-TIM3hi_glandfront_CD27,0
NK cells CD56brCD16-TIM3hi_glandfront_HLA-DR,0
NK cells CD56brCD16-TIM3hi_glandfront_patient_id,0
NK cells CD56brCD16-TIM3hi_glandfront_Dx,0
NK cells CD56brCD16-TIM3hi_stromal_ERa,0
NK cells CD56brCD16-TIM3hi_stromal_PR,0
NK cells CD56brCD16-TIM3hi_stromal_pP38,0
NK cells CD56brCD16-TIM3hi_stromal_IFNg,0
NK cells CD56brCD16-TIM3hi_stromal_VEGF,0
NK cells CD56brCD16-TIM3hi_stromal_TIM3,0
NK cells CD56dimCD16+CD9hi_0_NKG2A,0
NK cells CD56brCD16-TIM3hi_stromal_NKG2A,0
NK cells CD56brCD16-TIM3hi_stromal_NKG2C,0
NK cells CD56brCD16-TIM3hi_stromal_CD27,0
NK cells CD56brCD16-TIM3hi_stromal_HLA-DR,0
NK cells CD56brCD16-TIM3hi_stromal_patient_id,0
NK cells CD56brCD16-TIM3hi_stromal_Dx,0
NK cells CD56dimCD16+CD9hi_0_ERa,0
NK cells CD56dimCD16+CD9hi_0_PR,0
NK cells CD56dimCD16+CD9hi_0_pP38,0
NK cells CD56dimCD16+CD9hi_0_IFNg,0
NK cells CD56dimCD16+CD9hi_0_VEGF,0
NK cells CD56dimCD16+CD9hi_0_GranzymeB,0
NK cells CD56dimCD16+CD9hi_0_Ki67,0
NK cells CD56dimCD16+CD9hi_0_TIM3,0
Macrophages MDSC_stromal_PR,0
Macrophages MDSC_stromal_IFNg,0
NK cells CD56dimCD16+_0_IFNg,0
Dendritic Cells CD86CD33dp_glandfront_Ki67,0
Dendritic Cells CD86CD33dp_glandfront_patient_id,0
Dendritic Cells CD86CD33dp_glandfront_HLA-DR,0
Dendritic Cells CD86CD33dp_glandfront_CD27,0
Dendritic Cells CD86CD33dp_glandfront_NKG2C,0
Dendritic Cells CD86CD33dp_glandfront_NKG2A,0
Dendritic Cells CD86CD33dp_glandfront_TIM3,0
Dendritic Cells CD86CD33dp_glandfront_IFNg,0
Neutrophils_glandfront_IFNg,0
Dendritic Cells CD86CD33dp_glandfront_pP38,0
Dendritic Cells CD86CD33dp_glandfront_PR,0
Dendritic Cells CD86CD33dp_glandfront_ERa,0
Dendritic Cells CD209CD33dp_stromal_Dx,0
Dendritic Cells CD209CD33dp_stromal_patient_id,0
Dendritic Cells CD209CD33dp_stromal_HLA-DR,0
Dendritic Cells CD86CD33dp_glandfront_Dx,0
Dendritic Cells CD86CD33dp_stromal_ERa,0
Dendritic Cells CD86CD33dp_stromal_PR,0
Dendritic Cells CD86CD33dp_stromal_pP38,0
Dendritic Cells CD86CD33dp_stromal_IFNg,0
Dendritic Cells CD86CD33dp_stromal_VEGF,0
Dendritic Cells CD86CD33dp_stromal_GranzymeB,0
Dendritic Cells CD86CD33dp_stromal_Ki67,0
Dendritic Cells CD86CD33dp_stromal_TIM3,0
Dendritic Cells CD86CD33dp_stromal_NKG2A,0
Dendritic Cells CD86CD33dp_stromal_NKG2C,0
Dendritic Cells CD86CD33dp_stromal_CD27,0
Dendritic Cells CD86CD33dp_stromal_HLA-DR,0
Dendritic Cells CD86CD33dp_stromal_patient_id,0
Dendritic Cells CD86CD33dp_stromal_Dx,0
Neutrophils_glandfront_ERa,0
Neutrophils_glandfront_PR,0
Dendritic Cells CD209CD33dp_stromal_CD27,0
Dendritic Cells CD209CD33dp_stromal_NKG2C,0
Dendritic Cells CD209CD33dp_stromal_NKG2A,0
Dendritic Cells CD209CD33dp_glandfront_GranzymeB,0
Dendritic Cells CD209CD86dp_stromal_GranzymeB,0
Dendritic Cells CD209CD86dp_stromal_Ki67,0
Dendritic Cells CD209CD86dp_stromal_TIM3,0
Dendritic Cells CD209CD86dp_stromal_NKG2A,0
Dendritic Cells CD209CD86dp_stromal_NKG2C,0
Dendritic Cells CD209CD86dp_stromal_CD27,0
Dendritic Cells CD209CD86dp_stromal_HLA-DR,0
Dendritic Cells CD209CD86dp_stromal_patient_id,0
Dendritic Cells CD209CD86dp_stromal_Dx,0
Dendritic Cells CD209CD33dp_glandfront_ERa,0
Dendritic Cells CD209CD33dp_glandfront_PR,0
Dendritic Cells CD209CD33dp_glandfront_pP38,0
Dendritic Cells CD209CD33dp_glandfront_IFNg,0
Dendritic Cells CD209CD33dp_glandfront_VEGF,0
Dendritic Cells CD209CD33dp_glandfront_Ki67,0
Dendritic Cells CD209CD33dp_stromal_TIM3,0
Dendritic Cells CD209CD33dp_glandfront_TIM3,0
Dendritic Cells CD209CD33dp_glandfront_NKG2A,0
Dendritic Cells CD209CD33dp_glandfront_NKG2C,0
Dendritic Cells CD209CD33dp_glandfront_CD27,0
Dendritic Cells CD209CD33dp_glandfront_HLA-DR,0
Dendritic Cells CD209CD33dp_glandfront_patient_id,0
Dendritic Cells CD209CD33dp_glandfront_Dx,0
Dendritic Cells CD209CD33dp_stromal_ERa,0
Dendritic Cells CD209CD33dp_stromal_PR,0
Dendritic Cells CD209CD33dp_stromal_pP38,0
Dendritic Cells CD209CD33dp_stromal_IFNg,0
Dendritic Cells CD209CD33dp_stromal_VEGF,0
Dendritic Cells CD209CD33dp_stromal_GranzymeB,0
Dendritic Cells CD209CD33dp_stromal_Ki67,0
Neutrophils_glandfront_pP38,0
Neutrophils_glandfront_VEGF,0
Macrophages MDSC_stromal_VEGF,0
aSMA-br fibroblast_glandfront_GranzymeB,0
aSMA-br fibroblast_glandfront_HLA-DR,0
aSMA-br fibroblast_glandfront_CD27,0
aSMA-br fibroblast_glandfront_NKG2C,0
aSMA-br fibroblast_glandfront_NKG2A,0
aSMA-br fibroblast_glandfront_TIM3,0
aSMA-br fibroblast_glandfront_Ki67,0
aSMA-br fibroblast_glandfront_VEGF,0
Neutrophils_glandfront_GranzymeB,0
aSMA-br fibroblast_glandfront_IFNg,0
aSMA-br fibroblast_glandfront_pP38,0
aSMA-br fibroblast_glandfront_PR,0
aSMA-br fibroblast_glandfront_ERa,0
NKT_glandfront_Dx,0
NKT_glandfront_patient_id,0
aSMA-br fibroblast_glandfront_patient_id,0
aSMA-br fibroblast_glandfront_Dx,0
aSMA-br fibroblast_stromal_ERa,0
aSMA-br fibroblast_stromal_PR,0
aSMA-br fibroblast_stromal_pP38,0
aSMA-br fibroblast_stromal_IFNg,0
aSMA-br fibroblast_stromal_VEGF,0
aSMA-br fibroblast_stromal_GranzymeB,0
aSMA-br fibroblast_stromal_Ki67,0
aSMA-br fibroblast_stromal_TIM3,0
aSMA-br fibroblast_stromal_NKG2A,0
aSMA-br fibroblast_stromal_NKG2C,0
aSMA-br fibroblast_stromal_CD27,0
aSMA-br fibroblast_stromal_HLA-DR,0
aSMA-br fibroblast_stromal_patient_id,0
aSMA-br fibroblast_stromal_Dx,0
aSMA-br mesenchymal_glandfront_PR,0
NKT_glandfront_HLA-DR,0
NKT_glandfront_CD27,0
NKT_glandfront_NKG2C,0
Neutrophils_stromal_Ki67,0
Neutrophils_glandfront_Ki67,0
Neutrophils_glandfront_TIM3,0
Neutrophils_glandfront_NKG2A,0
Neutrophils_glandfront_NKG2C,0
Neutrophils_glandfront_CD27,0
Neutrophils_glandfront_HLA-DR,0
Neutrophils_glandfront_patient_id,0
Neutrophils_glandfront_Dx,0
Neutrophils_stromal_ERa,0
Neutrophils_stromal_PR,0
Neutrophils_stromal_pP38,0
Neutrophils_stromal_IFNg,0
Neutrophils_stromal_VEGF,0
Neutrophils_stromal_GranzymeB,0
Neutrophils_stromal_TIM3,0
NKT_glandfront_NKG2A,0
Neutrophils_stromal_NKG2A,0
Neutrophils_stromal_NKG2C,0
Neutrophils_stromal_CD27,0
Neutrophils_stromal_HLA-DR,0
Neutrophils_stromal_patient_id,0
Neutrophils_stromal_Dx,0
NKT_glandfront_ERa,0
NKT_glandfront_PR,0
NKT_glandfront_pP38,0
NKT_glandfront_IFNg,0
NKT_glandfront_VEGF,0
NKT_glandfront_GranzymeB,0
NKT_glandfront_Ki67,0
NKT_glandfront_TIM3,0
Dendritic Cells CD209CD86dp_stromal_VEGF,0
Dendritic Cells CD209CD86dp_stromal_IFNg,0
Dendritic Cells CD209CD86dp_stromal_pP38,0
Dendritic Cells CD86+_intragland_VEGF,0
Dendritic Cells CD86+_intragland_CD27,0
Dendritic Cells CD86+_intragland_NKG2C,0
Dendritic Cells CD86+_intragland_NKG2A,0
Dendritic Cells CD86+_intragland_TIM3,0
Dendritic Cells CD86+_intragland_Ki67,0
Dendritic Cells CD86+_intragland_GranzymeB,0
Dendritic Cells CD86+_intragland_IFNg,0
Dendritic Cells CD209CD86dp_stromal_PR,0
Dendritic Cells CD86+_intragland_pP38,0
Dendritic Cells CD86+_intragland_PR,0
Dendritic Cells CD86+_intragland_ERa,0
Dendritic Cells CD86+_glandfront_Dx,0
Dendritic Cells CD86+_glandfront_patient_id,0
Dendritic Cells CD86+_glandfront_HLA-DR,0
Dendritic Cells CD86+_intragland_HLA-DR,0
Dendritic Cells CD86+_intragland_patient_id,0
Dendritic Cells CD86+_intragland_Dx,0
Dendritic Cells CD86+_stromal_ERa,0
Dendritic Cells CD86+_stromal_PR,0
Dendritic Cells CD86+_stromal_pP38,0
Dendritic Cells CD86+_stromal_IFNg,0
Dendritic Cells CD86+_stromal_VEGF,0
Dendritic Cells CD86+_stromal_GranzymeB,0
Dendritic Cells CD86+_stromal_Ki67,0
Dendritic Cells CD86+_stromal_TIM3,0
Dendritic Cells CD86+_stromal_NKG2A,0
Dendritic Cells CD86+_stromal_NKG2C,0
Dendritic Cells CD86+_stromal_CD27,0
Dendritic Cells CD86+_stromal_HLA-DR,0
Dendritic Cells CD86+_stromal_patient_id,0
Dendritic Cells CD86+_stromal_Dx,0
Dendritic Cells CD86+_glandfront_CD27,0
Dendritic Cells CD86+_glandfront_NKG2C,0
Dendritic Cells CD86+_glandfront_NKG2A,0
Dendritic Cells CD86+_0_GranzymeB,0
Macrophages MDSC_stromal_GranzymeB,0
Macrophages MDSC_stromal_Ki67,0
Macrophages MDSC_stromal_TIM3,0
Macrophages MDSC_stromal_NKG2A,0
Macrophages MDSC_stromal_NKG2C,0
Macrophages MDSC_stromal_CD27,0
Macrophages MDSC_stromal_HLA-DR,0
Macrophages MDSC_stromal_patient_id,0
Macrophages MDSC_stromal_Dx,0
Dendritic Cells CD86+_0_ERa,0
Dendritic Cells CD86+_0_PR,0
Dendritic Cells CD86+_0_pP38,0
Dendritic Cells CD86+_0_IFNg,0
Dendritic Cells CD86+_0_VEGF,0
Dendritic Cells CD86+_0_Ki67,0
Dendritic Cells CD86+_glandfront_TIM3,0
Dendritic Cells CD86+_0_TIM3,0
Dendritic Cells CD86+_0_NKG2A,0
Dendritic Cells CD86+_0_NKG2C,0
Dendritic Cells CD86+_0_CD27,0
Dendritic Cells CD86+_0_HLA-DR,0
Dendritic Cells CD86+_0_patient_id,0
Dendritic Cells CD86+_0_Dx,0
Dendritic Cells CD86+_glandfront_ERa,0
Dendritic Cells CD86+_glandfront_PR,0
Dendritic Cells CD86+_glandfront_pP38,0
Dendritic Cells CD86+_glandfront_IFNg,0
Dendritic Cells CD86+_glandfront_VEGF,0
Dendritic Cells CD86+_glandfront_GranzymeB,0
Dendritic Cells CD86+_glandfront_Ki67,0
Dendritic Cells CD33+_0_ERa,0
Dendritic Cells CD33+_0_PR,0
Dendritic Cells CD33+_0_pP38,0
Dendritic Cells CD33+_stromal_CD27,0
Dendritic Cells CD33+_intragland_CD27,0
Dendritic Cells CD33+_intragland_HLA-DR,0
Dendritic Cells CD33+_intragland_patient_id,0
Dendritic Cells CD33+_intragland_Dx,0
Dendritic Cells CD33+_stromal_ERa,0
Dendritic Cells CD33+_stromal_PR,0
Dendritic Cells CD33+_stromal_pP38,0
Dendritic Cells CD33+_stromal_IFNg,0
Dendritic Cells CD33+_stromal_VEGF,0
Dendritic Cells CD33+_stromal_GranzymeB,0
Dendritic Cells CD33+_stromal_Ki67,0
Dendritic Cells CD33+_stromal_TIM3,0
Dendritic Cells CD33+_stromal_NKG2A,0
Dendritic Cells CD33+_stromal_NKG2C,0
Dendritic Cells CD33+_stromal_HLA-DR,0
Dendritic Cells CD33+_intragland_NKG2A,0
Dendritic Cells CD33+_stromal_patient_id,0
Dendritic Cells CD33+_stromal_Dx,0
Dendritic Cells CD209CD86dp_glandfront_PR,0
Dendritic Cells CD209CD86dp_glandfront_IFNg,0
Dendritic Cells CD209CD86dp_glandfront_VEGF,0
Dendritic Cells CD209CD86dp_glandfront_Ki67,0
Dendritic Cells CD209CD86dp_glandfront_TIM3,0
Dendritic Cells CD209CD86dp_glandfront_NKG2A,0
Dendritic Cells CD209CD86dp_glandfront_NKG2C,0
Dendritic Cells CD209CD86dp_glandfront_CD27,0
Dendritic Cells CD209CD86dp_glandfront_HLA-DR,0
Dendritic Cells CD209CD86dp_glandfront_patient_id,0
Dendritic Cells CD209CD86dp_glandfront_Dx,0
Dendritic Cells CD209CD86dp_stromal_ERa,0
Dendritic Cells CD33+_intragland_NKG2C,0
Dendritic Cells CD33+_intragland_TIM3,0
Dendritic Cells CD33+_0_IFNg,0
Dendritic Cells CD33+_glandfront_VEGF,0
Dendritic Cells CD33+_0_VEGF,0
Dendritic Cells CD33+_0_GranzymeB,0
Dendritic Cells CD33+_0_Ki67,0
Dendritic Cells CD33+_0_TIM3,0
Dendritic Cells CD33+_0_NKG2A,0
Dendritic Cells CD33+_0_NKG2C,0
Dendritic Cells CD33+_0_CD27,0
Dendritic Cells CD33+_0_HLA-DR,0
Dendritic Cells CD33+_0_patient_id,0
Dendritic Cells CD33+_0_Dx,0
Dendritic Cells CD33+_glandfront_ERa,0
Dendritic Cells CD33+_glandfront_PR,0
Dendritic Cells CD33+_glandfront_pP38,0
Dendritic Cells CD33+_glandfront_IFNg,0
Dendritic Cells CD33+_glandfront_GranzymeB,0
Dendritic Cells CD33+_intragland_Ki67,0
Dendritic Cells CD33+_glandfront_Ki67,0
Dendritic Cells CD33+_glandfront_TIM3,0
Dendritic Cells CD33+_glandfront_NKG2A,0
Dendritic Cells CD33+_glandfront_NKG2C,0
Dendritic Cells CD33+_glandfront_CD27,0
Dendritic Cells CD33+_glandfront_HLA-DR,0
Dendritic Cells CD33+_glandfront_patient_id,0
Dendritic Cells CD33+_glandfront_Dx,0
Dendritic Cells CD33+_intragland_ERa,0
Dendritic Cells CD33+_intragland_PR,0
Dendritic Cells CD33+_intragland_pP38,0
Dendritic Cells CD33+_intragland_IFNg,0
Dendritic Cells CD33+_intragland_VEGF,0
Dendritic Cells CD33+_intragland_GranzymeB,0
NK cells CD56dimCD16+_0_VEGF,0
NK cells CD56dimCD16+_0_pP38,0
CD8 T cells CD80/CD86+_glandfront_aggregatedNeighbors.Dendritic.Cells.CD209CD86dp,0
CD8 T cells HLA-DR+_glandfront_NKG2A,0
CD8 T cells HLA-DR+_intragland_ERa,0
CD8 T cells HLA-DR+_glandfront_Dx,0
CD8 T cells HLA-DR+_glandfront_patient_id,0
CD8 T cells HLA-DR+_glandfront_HLA-DR,0
CD8 T cells HLA-DR+_glandfront_CD27,0
CD8 T cells HLA-DR+_glandfront_NKG2C,0
CD8 T cells HLA-DR+_glandfront_TIM3,0
CD8 T cells HLA-DR+_stromal_GranzymeB,0
CD8 T cells HLA-DR+_glandfront_GranzymeB,0
CD8 T cells HLA-DR+_glandfront_VEGF,0
CD8 T cells HLA-DR+_glandfront_IFNg,0
CD8 T cells HLA-DR+_glandfront_pP38,0
CD8 T cells HLA-DR+_0_Dx,0
CD8 T cells HLA-DR+_0_patient_id,0
CD8 T cells HLA-DR+_intragland_PR,0
CD8 T cells HLA-DR+_intragland_pP38,0
CD8 T cells HLA-DR+_intragland_IFNg,0
CD8 T cells HLA-DR+_intragland_VEGF,0
CD8 T cells HLA-DR+_intragland_GranzymeB,0
CD8 T cells HLA-DR+_intragland_Ki67,0
CD8 T cells HLA-DR+_intragland_TIM3,0
CD8 T cells HLA-DR+_intragland_NKG2A,0
CD8 T cells HLA-DR+_intragland_NKG2C,0
CD8 T cells HLA-DR+_intragland_CD27,0
CD8 T cells HLA-DR+_intragland_HLA-DR,0
CD8 T cells HLA-DR+_intragland_patient_id,0
CD8 T cells HLA-DR+_intragland_Dx,0
CD8 T cells HLA-DR+_stromal_ERa,0
CD8 T cells HLA-DR+_stromal_PR,0
CD8 T cells HLA-DR+_stromal_pP38,0
CD8 T cells HLA-DR+_stromal_IFNg,0
CD8 T cells HLA-DR+_0_HLA-DR,0
CD8 T cells HLA-DR+_0_CD27,0
CD8 T cells HLA-DR+_0_NKG2C,0
CD4 T cells HLA-DR+_stromal_GranzymeB,0
CD4 T cells HLA-DR+_intragland_VEGF,0
CD4 T cells HLA-DR+_intragland_GranzymeB,0
CD4 T cells HLA-DR+_intragland_Ki67,0
CD4 T cells HLA-DR+_intragland_TIM3,0
CD4 T cells HLA-DR+_intragland_NKG2A,0
CD4 T cells HLA-DR+_intragland_NKG2C,0
CD4 T cells HLA-DR+_intragland_CD27,0
CD4 T cells HLA-DR+_intragland_HLA-DR,0
CD4 T cells HLA-DR+_intragland_patient_id,0
CD4 T cells HLA-DR+_intragland_Dx,0
CD4 T cells HLA-DR+_stromal_ERa,0
CD4 T cells HLA-DR+_stromal_pP38,0
CD4 T cells HLA-DR+_stromal_IFNg,0
CD4 T cells HLA-DR+_stromal_VEGF,0
CD4 T cells HLA-DR+_stromal_Ki67,0
CD8 T cells HLA-DR+_0_NKG2A,0
CD4 T cells HLA-DR+_stromal_TIM3,0
CD4 T cells HLA-DR+_stromal_NKG2A,0
CD4 T cells HLA-DR+_stromal_NKG2C,0
CD4 T cells HLA-DR+_stromal_CD27,0
CD4 T cells HLA-DR+_stromal_patient_id,0
CD4 T cells HLA-DR+_stromal_Dx,0
CD8 T cells HLA-DR+_0_ERa,0
CD8 T cells HLA-DR+_0_PR,0
CD8 T cells HLA-DR+_0_pP38,0
CD8 T cells HLA-DR+_0_IFNg,0
CD8 T cells HLA-DR+_0_VEGF,0
CD8 T cells HLA-DR+_0_GranzymeB,0
CD8 T cells HLA-DR+_0_Ki67,0
CD8 T cells HLA-DR+_0_TIM3,0
CD8 T cells HLA-DR+_stromal_VEGF,0
CD8 T cells HLA-DR+_stromal_Ki67,0
CD8 T cells CD80/CD86+_0_GranzymeB,0
CD4 T cells CD80/CD86+_intragland_NKG2A,0
CD4 T cells CD80/CD86+_stromal_ERa,0
CD4 T cells CD80/CD86+_intragland_Dx,0
CD4 T cells CD80/CD86+_intragland_patient_id,0
CD4 T cells CD80/CD86+_intragland_HLA-DR,0
CD4 T cells CD80/CD86+_intragland_CD27,0
CD4 T cells CD80/CD86+_intragland_NKG2C,0
CD4 T cells CD80/CD86+_intragland_TIM3,0
CD8 T cells HLA-DR+_stromal_TIM3,0
CD4 T cells CD80/CD86+_intragland_Ki67,0
CD4 T cells CD80/CD86+_intragland_GranzymeB,0
CD4 T cells CD80/CD86+_intragland_VEGF,0
CD4 T cells CD80/CD86+_intragland_IFNg,0
CD4 T cells CD80/CD86+_intragland_pP38,0
CD4 T cells CD80/CD86+_intragland_PR,0
CD4 T cells CD80/CD86+_stromal_PR,0
CD4 T cells CD80/CD86+_stromal_pP38,0
CD4 T cells CD80/CD86+_stromal_IFNg,0
CD4 T cells CD80/CD86+_stromal_VEGF,0
CD4 T cells CD80/CD86+_stromal_GranzymeB,0
CD4 T cells CD80/CD86+_stromal_Ki67,0
CD4 T cells CD80/CD86+_stromal_TIM3,0
CD4 T cells CD80/CD86+_stromal_NKG2A,0
CD4 T cells CD80/CD86+_stromal_NKG2C,0
CD4 T cells CD80/CD86+_stromal_CD27,0
CD4 T cells CD80/CD86+_stromal_HLA-DR,0
CD4 T cells CD80/CD86+_stromal_patient_id,0
CD4 T cells CD80/CD86+_stromal_Dx,0
CD8 T cells CD80/CD86+_0_ERa,0
CD8 T cells CD80/CD86+_0_PR,0
CD8 T cells CD80/CD86+_0_pP38,0
CD8 T cells CD80/CD86+_0_IFNg,0
CD4 T cells CD80/CD86+_intragland_ERa,0
CD4 T cells CD80/CD86+_glandfront_Dx,0
CD4 T cells CD80/CD86+_glandfront_patient_id,0
CD4 T cells CD80/CD86+_0_NKG2A,0
CD8 T cells HLA-DR+_stromal_NKG2A,0
CD8 T cells HLA-DR+_stromal_NKG2C,0
CD8 T cells HLA-DR+_stromal_CD27,0
CD8 T cells HLA-DR+_stromal_HLA-DR,0
CD8 T cells HLA-DR+_stromal_patient_id,0
CD8 T cells HLA-DR+_stromal_Dx,0
CD4 T cells CD80/CD86+_0_ERa,0
CD4 T cells CD80/CD86+_0_PR,0
CD4 T cells CD80/CD86+_0_pP38,0
CD4 T cells CD80/CD86+_0_IFNg,0
CD4 T cells CD80/CD86+_0_VEGF,0
CD4 T cells CD80/CD86+_0_GranzymeB,0
CD4 T cells CD80/CD86+_0_Ki67,0
CD4 T cells CD80/CD86+_0_TIM3,0
CD4 T cells CD80/CD86+_0_NKG2C,0
CD4 T cells CD80/CD86+_glandfront_HLA-DR,0
CD4 T cells CD80/CD86+_0_CD27,0
CD4 T cells CD80/CD86+_0_HLA-DR,0
CD4 T cells CD80/CD86+_0_patient_id,0
CD4 T cells CD80/CD86+_0_Dx,0
CD4 T cells CD80/CD86+_glandfront_ERa,0
CD4 T cells CD80/CD86+_glandfront_PR,0
CD4 T cells CD80/CD86+_glandfront_pP38,0
CD4 T cells CD80/CD86+_glandfront_IFNg,0
CD4 T cells CD80/CD86+_glandfront_VEGF,0
CD4 T cells CD80/CD86+_glandfront_Ki67,0
CD4 T cells CD80/CD86+_glandfront_TIM3,0
CD4 T cells CD80/CD86+_glandfront_NKG2A,0
CD4 T cells CD80/CD86+_glandfront_NKG2C,0
CD4 T cells CD80/CD86+_glandfront_CD27,0
CD4 T cells HLA-DR+_intragland_IFNg,0
CD4 T cells HLA-DR+_intragland_pP38,0
CD4 T cells HLA-DR+_intragland_PR,0
CD4 T cells FoxP3+_stromal_VEGF,0
CD4 T cells FoxP3+_stromal_CD27,0
CD4 T cells FoxP3+_stromal_NKG2C,0
CD4 T cells FoxP3+_stromal_NKG2A,0
CD4 T cells FoxP3+_stromal_TIM3,0
CD4 T cells FoxP3+_stromal_Ki67,0
CD4 T cells FoxP3+_stromal_GranzymeB,0
CD4 T cells FoxP3+_stromal_IFNg,0
CD4 T cells HLA-DR+_intragland_ERa,0
CD4 T cells FoxP3+_stromal_pP38,0
CD4 T cells FoxP3+_stromal_PR,0
CD4 T cells FoxP3+_stromal_ERa,0
CD4 T cells FoxP3+_intragland_Dx,0
CD4 T cells FoxP3+_intragland_patient_id,0
CD4 T cells FoxP3+_intragland_HLA-DR,0
CD4 T cells FoxP3+_stromal_HLA-DR,0
CD4 T cells FoxP3+_stromal_patient_id,0
CD4 T cells FoxP3+_stromal_Dx,0
CD8 T cells FoxP3+_0_ERa,0
CD8 T cells FoxP3+_0_PR,0
CD8 T cells FoxP3+_0_pP38,0
CD8 T cells FoxP3+_0_IFNg,0
CD8 T cells FoxP3+_0_VEGF,0
CD8 T cells FoxP3+_0_GranzymeB,0
CD8 T cells FoxP3+_0_Ki67,0
CD8 T cells FoxP3+_0_TIM3,0
CD8 T cells FoxP3+_0_NKG2A,0
CD8 T cells FoxP3+_0_NKG2C,0
CD8 T cells FoxP3+_0_CD27,0
CD8 T cells FoxP3+_0_HLA-DR,0
CD8 T cells FoxP3+_0_patient_id,0
CD8 T cells FoxP3+_0_Dx,0
CD4 T cells FoxP3+_intragland_CD27,0
CD4 T cells FoxP3+_intragland_NKG2C,0
CD4 T cells FoxP3+_intragland_NKG2A,0
CD4 T cells FoxP3+_glandfront_GranzymeB,0
CD4 T cells FoxP3+_0_pP38,0
CD4 T cells FoxP3+_0_IFNg,0
CD4 T cells FoxP3+_0_VEGF,0
CD4 T cells FoxP3+_0_GranzymeB,0
CD4 T cells FoxP3+_0_Ki67,0
CD4 T cells FoxP3+_0_TIM3,0
CD4 T cells FoxP3+_0_NKG2A,0
CD4 T cells FoxP3+_0_NKG2C,0
CD4 T cells FoxP3+_0_CD27,0
CD4 T cells FoxP3+_0_HLA-DR,0
CD4 T cells FoxP3+_0_patient_id,0
CD4 T cells FoxP3+_0_Dx,0
CD4 T cells FoxP3+_glandfront_pP38,0
CD4 T cells FoxP3+_glandfront_IFNg,0
CD4 T cells FoxP3+_glandfront_Ki67,0
CD4 T cells FoxP3+_intragland_TIM3,0
CD4 T cells FoxP3+_glandfront_TIM3,0
CD4 T cells FoxP3+_glandfront_NKG2A,0
CD4 T cells FoxP3+_glandfront_NKG2C,0
CD4 T cells FoxP3+_glandfront_CD27,0
CD4 T cells FoxP3+_glandfront_HLA-DR,0
CD4 T cells FoxP3+_glandfront_patient_id,0
CD4 T cells FoxP3+_glandfront_Dx,0
CD4 T cells FoxP3+_intragland_ERa,0
CD4 T cells FoxP3+_intragland_PR,0
CD4 T cells FoxP3+_intragland_pP38,0
CD4 T cells FoxP3+_intragland_IFNg,0
CD4 T cells FoxP3+_intragland_VEGF,0
CD4 T cells FoxP3+_intragland_GranzymeB,0
CD4 T cells FoxP3+_intragland_Ki67,0
CD8 T cells FoxP3+_glandfront_ERa,0
CD8 T cells FoxP3+_glandfront_PR,0
CD8 T cells FoxP3+_glandfront_pP38,0
CD4 T cells HLA-DR+_0_HLA-DR,0
CD8 T cells FoxP3+_stromal_CD27,0
CD8 T cells FoxP3+_stromal_patient_id,0
CD8 T cells FoxP3+_stromal_Dx,0
CD4 T cells HLA-DR+_0_ERa,0
CD4 T cells HLA-DR+_0_PR,0
CD4 T cells HLA-DR+_0_pP38,0
CD4 T cells HLA-DR+_0_IFNg,0
CD4 T cells HLA-DR+_0_VEGF,0
CD4 T cells HLA-DR+_0_GranzymeB,0
CD4 T cells HLA-DR+_0_Ki67,0
CD4 T cells HLA-DR+_0_TIM3,0
CD4 T cells HLA-DR+_0_NKG2A,0
CD4 T cells HLA-DR+_0_NKG2C,0
CD4 T cells HLA-DR+_0_CD27,0
CD4 T cells HLA-DR+_0_patient_id,0
CD8 T cells FoxP3+_stromal_NKG2A,0
CD4 T cells HLA-DR+_0_Dx,0
CD4 T cells HLA-DR+_glandfront_ERa,0
CD4 T cells HLA-DR+_glandfront_PR,0
CD4 T cells HLA-DR+_glandfront_pP38,0
CD4 T cells HLA-DR+_glandfront_IFNg,0
CD4 T cells HLA-DR+_glandfront_VEGF,0
CD4 T cells HLA-DR+_glandfront_GranzymeB,0
CD4 T cells HLA-DR+_glandfront_TIM3,0
CD4 T cells HLA-DR+_glandfront_NKG2A,0
CD4 T cells HLA-DR+_glandfront_NKG2C,0
CD4 T cells HLA-DR+_glandfront_CD27,0
CD4 T cells HLA-DR+_glandfront_HLA-DR,0
CD4 T cells HLA-DR+_glandfront_patient_id,0
CD4 T cells HLA-DR+_glandfront_Dx,0
CD8 T cells FoxP3+_stromal_NKG2C,0
CD8 T cells FoxP3+_stromal_TIM3,0
CD8 T cells FoxP3+_glandfront_IFNg,0
CD8 T cells FoxP3+_intragland_VEGF,0
CD8 T cells FoxP3+_glandfront_VEGF,0
CD8 T cells FoxP3+_glandfront_GranzymeB,0
CD8 T cells FoxP3+_glandfront_Ki67,0
CD8 T cells FoxP3+_glandfront_TIM3,0
CD8 T cells FoxP3+_glandfront_NKG2A,0
CD8 T cells FoxP3+_glandfront_NKG2C,0
CD8 T cells FoxP3+_glandfront_CD27,0
CD8 T cells FoxP3+_glandfront_HLA-DR,0
CD8 T cells FoxP3+_glandfront_patient_id,0
CD8 T cells FoxP3+_glandfront_Dx,0
CD8 T cells FoxP3+_intragland_ERa,0
CD8 T cells FoxP3+_intragland_PR,0
CD8 T cells FoxP3+_intragland_pP38,0
CD8 T cells FoxP3+_intragland_IFNg,0
CD8 T cells FoxP3+_intragland_GranzymeB,0
CD8 T cells FoxP3+_stromal_Ki67,0
CD8 T cells FoxP3+_intragland_Ki67,0
CD8 T cells FoxP3+_intragland_TIM3,0
CD8 T cells FoxP3+_intragland_NKG2A,0
CD8 T cells FoxP3+_intragland_NKG2C,0
CD8 T cells FoxP3+_intragland_CD27,0
CD8 T cells FoxP3+_intragland_HLA-DR,0
CD8 T cells FoxP3+_intragland_patient_id,0
CD8 T cells FoxP3+_intragland_Dx,0
CD8 T cells FoxP3+_stromal_ERa,0
CD8 T cells FoxP3+_stromal_PR,0
CD8 T cells FoxP3+_stromal_pP38,0
CD8 T cells FoxP3+_stromal_IFNg,0
CD8 T cells FoxP3+_stromal_VEGF,0
CD8 T cells FoxP3+_stromal_GranzymeB,0
CD8 T cells CD80/CD86+_0_VEGF,0
CD8 T cells CD80/CD86+_0_Ki67,0
NK cells CD56dimCD16+_0_PR,0
Stroma mesenchymal_stromal_Ki67,0
Stroma mesenchymal_stromal_patient_id,0
Stroma mesenchymal_stromal_HLA-DR,0
Stroma mesenchymal_stromal_CD27,0
Stroma mesenchymal_stromal_NKG2C,0
Stroma mesenchymal_stromal_NKG2A,0
Stroma mesenchymal_stromal_TIM3,0
Stroma mesenchymal_stromal_GranzymeB,0
Stroma vascular endothelium_stromal_IFNg,0
Stroma mesenchymal_stromal_IFNg,0
Stroma mesenchymal_stromal_pP38,0
Stroma mesenchymal_stromal_PR,0
Stroma mesenchymal_stromal_ERa,0
Stroma mesenchymal_glandfront_Dx,0
Stroma mesenchymal_glandfront_patient_id,0
Stroma mesenchymal_stromal_Dx,0
Stroma vascular endothelium_glandfront_ERa,0
Stroma vascular endothelium_glandfront_PR,0
Stroma vascular endothelium_glandfront_pP38,0
Stroma vascular endothelium_glandfront_IFNg,0
Stroma vascular endothelium_glandfront_VEGF,0
Stroma vascular endothelium_glandfront_GranzymeB,0
Stroma vascular endothelium_glandfront_Ki67,0
Stroma vascular endothelium_glandfront_TIM3,0
Stroma vascular endothelium_glandfront_NKG2A,0
Stroma vascular endothelium_glandfront_NKG2C,0
Stroma vascular endothelium_glandfront_CD27,0
Stroma vascular endothelium_glandfront_HLA-DR,0
Stroma vascular endothelium_glandfront_patient_id,0
Stroma vascular endothelium_glandfront_Dx,0
Stroma vascular endothelium_stromal_ERa,0
Stroma vascular endothelium_stromal_PR,0
Stroma mesenchymal_glandfront_HLA-DR,0
Stroma mesenchymal_glandfront_CD27,0
Stroma mesenchymal_glandfront_NKG2C,0
CD8 T cells CD11b+_stromal_Ki67,0
CD8 T cells CD11b+_intragland_Ki67,0
CD8 T cells CD11b+_intragland_TIM3,0
CD8 T cells CD11b+_intragland_NKG2A,0
CD8 T cells CD11b+_intragland_NKG2C,0
CD8 T cells CD11b+_intragland_CD27,0
CD8 T cells CD11b+_intragland_HLA-DR,0
CD8 T cells CD11b+_intragland_patient_id,0
CD8 T cells CD11b+_intragland_Dx,0
CD8 T cells CD11b+_stromal_ERa,0
CD8 T cells CD11b+_stromal_PR,0
CD8 T cells CD11b+_stromal_pP38,0
CD8 T cells CD11b+_stromal_IFNg,0
CD8 T cells CD11b+_stromal_VEGF,0
CD8 T cells CD11b+_stromal_GranzymeB,0
CD8 T cells CD11b+_stromal_TIM3,0
Stroma mesenchymal_glandfront_NKG2A,0
CD8 T cells CD11b+_stromal_NKG2A,0
CD8 T cells CD11b+_stromal_NKG2C,0
CD8 T cells CD11b+_stromal_CD27,0
CD8 T cells CD11b+_stromal_HLA-DR,0
CD8 T cells CD11b+_stromal_patient_id,0
CD8 T cells CD11b+_stromal_Dx,0
Stroma mesenchymal_glandfront_ERa,0
Stroma mesenchymal_glandfront_PR,0
Stroma mesenchymal_glandfront_pP38,0
Stroma mesenchymal_glandfront_IFNg,0
Stroma mesenchymal_glandfront_VEGF,0
Stroma mesenchymal_glandfront_GranzymeB,0
Stroma mesenchymal_glandfront_Ki67,0
Stroma mesenchymal_glandfront_TIM3,0
Stroma vascular endothelium_stromal_pP38,0
Stroma vascular endothelium_stromal_VEGF,0
CD8 T cells CD80/CD86+_0_TIM3,0
NK cells CD56brCD16-_glandfront_GranzymeB,0
NK cells CD56brCD16-_glandfront_HLA-DR,0
NK cells CD56brCD16-_glandfront_CD27,0
NK cells CD56brCD16-_glandfront_NKG2C,0
NK cells CD56brCD16-_glandfront_NKG2A,0
NK cells CD56brCD16-_glandfront_TIM3,0
NK cells CD56brCD16-_glandfront_Ki67,0
NK cells CD56brCD16-_glandfront_VEGF,0
Stroma vascular endothelium_stromal_GranzymeB,0
NK cells CD56brCD16-_glandfront_IFNg,0
NK cells CD56brCD16-_glandfront_pP38,0
NK cells CD56brCD16-_glandfront_PR,0
NK cells CD56brCD16-_glandfront_ERa,0
Stroma fibroblast_stromal_Dx,0
Stroma fibroblast_stromal_patient_id,0
NK cells CD56brCD16-_glandfront_patient_id,0
NK cells CD56brCD16-_glandfront_Dx,0
NK cells CD56brCD16-_stromal_ERa,0
NK cells CD56brCD16-_stromal_PR,0
NK cells CD56brCD16-_stromal_pP38,0
NK cells CD56brCD16-_stromal_IFNg,0
NK cells CD56brCD16-_stromal_VEGF,0
NK cells CD56brCD16-_stromal_GranzymeB,0
NK cells CD56brCD16-_stromal_Ki67,0
NK cells CD56brCD16-_stromal_TIM3,0
NK cells CD56brCD16-_stromal_NKG2A,0
NK cells CD56brCD16-_stromal_NKG2C,0
NK cells CD56brCD16-_stromal_CD27,0
NK cells CD56brCD16-_stromal_HLA-DR,0
NK cells CD56brCD16-_stromal_patient_id,0
NK cells CD56brCD16-_stromal_Dx,0
NK cells CD56dimCD16+_0_ERa,0
Stroma fibroblast_stromal_HLA-DR,0
Stroma fibroblast_stromal_CD27,0
Stroma fibroblast_stromal_NKG2C,0
Stroma fibroblast_glandfront_Ki67,0
Stroma vascular endothelium_stromal_Ki67,0
Stroma vascular endothelium_stromal_TIM3,0
Stroma vascular endothelium_stromal_NKG2A,0
Stroma vascular endothelium_stromal_NKG2C,0
Stroma vascular endothelium_stromal_CD27,0
Stroma vascular endothelium_stromal_HLA-DR,0
Stroma vascular endothelium_stromal_patient_id,0
Stroma vascular endothelium_stromal_Dx,0
Stroma fibroblast_glandfront_ERa,0
Stroma fibroblast_glandfront_PR,0
Stroma fibroblast_glandfront_pP38,0
Stroma fibroblast_glandfront_IFNg,0
Stroma fibroblast_glandfront_VEGF,0
Stroma fibroblast_glandfront_GranzymeB,0
Stroma fibroblast_glandfront_TIM3,0
Stroma fibroblast_stromal_NKG2A,0
Stroma fibroblast_glandfront_NKG2A,0
Stroma fibroblast_glandfront_NKG2C,0
Stroma fibroblast_glandfront_CD27,0
Stroma fibroblast_glandfront_HLA-DR,0
Stroma fibroblast_glandfront_patient_id,0
Stroma fibroblast_glandfront_Dx,0
Stroma fibroblast_stromal_ERa,0
Stroma fibroblast_stromal_PR,0
Stroma fibroblast_stromal_pP38,0
Stroma fibroblast_stromal_IFNg,0
Stroma fibroblast_stromal_VEGF,0
Stroma fibroblast_stromal_GranzymeB,0
Stroma fibroblast_stromal_Ki67,0
Stroma fibroblast_stromal_TIM3,0
CD8 T cells CD11b+_intragland_GranzymeB,0
CD8 T cells CD11b+_intragland_VEGF,0
CD8 T cells CD11b+_intragland_IFNg,0
CD8 T cells CD80/CD86+_stromal_TIM3,0
CD8 T cells CD80/CD86+_stromal_Dx,0
CD8 T cells CD80/CD86+_stromal_patient_id,0
CD8 T cells CD80/CD86+_stromal_HLA-DR,0
CD8 T cells CD80/CD86+_stromal_CD27,0
CD8 T cells CD80/CD86+_stromal_NKG2C,0
CD8 T cells CD80/CD86+_stromal_NKG2A,0
CD8 T cells CD80/CD86+_stromal_Ki67,0
CD8 T cells CD11b+_intragland_pP38,0
CD8 T cells CD80/CD86+_stromal_GranzymeB,0
CD8 T cells CD80/CD86+_stromal_VEGF,0
CD8 T cells CD80/CD86+_stromal_IFNg,0
CD8 T cells CD80/CD86+_stromal_pP38,0
CD8 T cells CD80/CD86+_stromal_PR,0
CD8 T cells CD80/CD86+_stromal_ERa,0
CD4 T cells CD11b+_0_ERa,0
CD4 T cells CD11b+_0_PR,0
CD4 T cells CD11b+_0_pP38,0
CD4 T cells CD11b+_0_IFNg,0
CD4 T cells CD11b+_0_VEGF,0
CD4 T cells CD11b+_0_GranzymeB,0
CD4 T cells CD11b+_0_Ki67,0
CD4 T cells CD11b+_0_TIM3,0
CD4 T cells CD11b+_0_NKG2A,0
CD4 T cells CD11b+_0_NKG2C,0
CD4 T cells CD11b+_0_CD27,0
CD4 T cells CD11b+_0_HLA-DR,0
CD4 T cells CD11b+_0_patient_id,0
CD4 T cells CD11b+_0_Dx,0
CD4 T cells CD11b+_glandfront_ERa,0
CD4 T cells CD11b+_glandfront_PR,0
CD4 T cells CD11b+_glandfront_pP38,0
CD8 T cells CD80/CD86+_intragland_Dx,0
CD8 T cells CD80/CD86+_intragland_patient_id,0
CD8 T cells CD80/CD86+_intragland_HLA-DR,0
CD8 T cells CD80/CD86+_glandfront_NKG2A,0
CD8 T cells CD80/CD86+_0_NKG2A,0
CD8 T cells CD80/CD86+_0_NKG2C,0
CD8 T cells CD80/CD86+_0_CD27,0
CD8 T cells CD80/CD86+_0_HLA-DR,0
CD8 T cells CD80/CD86+_0_patient_id,0
CD8 T cells CD80/CD86+_0_Dx,0
CD8 T cells CD80/CD86+_glandfront_ERa,0
CD8 T cells CD80/CD86+_glandfront_PR,0
CD8 T cells CD80/CD86+_glandfront_pP38,0
CD8 T cells CD80/CD86+_glandfront_IFNg,0
CD8 T cells CD80/CD86+_glandfront_VEGF,0
CD8 T cells CD80/CD86+_glandfront_GranzymeB,0
CD8 T cells CD80/CD86+_glandfront_Ki67,0
CD8 T cells CD80/CD86+_glandfront_TIM3,0
CD8 T cells CD80/CD86+_glandfront_NKG2C,0
CD8 T cells CD80/CD86+_intragland_CD27,0
CD8 T cells CD80/CD86+_glandfront_CD27,0
CD8 T cells CD80/CD86+_glandfront_HLA-DR,0
CD8 T cells CD80/CD86+_glandfront_patient_id,0
CD8 T cells CD80/CD86+_glandfront_Dx,0
CD8 T cells CD80/CD86+_intragland_ERa,0
CD8 T cells CD80/CD86+_intragland_PR,0
CD8 T cells CD80/CD86+_intragland_pP38,0
CD8 T cells CD80/CD86+_intragland_IFNg,0
CD8 T cells CD80/CD86+_intragland_VEGF,0
CD8 T cells CD80/CD86+_intragland_GranzymeB,0
CD8 T cells CD80/CD86+_intragland_Ki67,0
CD8 T cells CD80/CD86+_intragland_TIM3,0
CD8 T cells CD80/CD86+_intragland_NKG2A,0
CD8 T cells CD80/CD86+_intragland_NKG2C,0
CD4 T cells CD11b+_glandfront_IFNg,0
CD4 T cells CD11b+_glandfront_GranzymeB,0
CD4 T cells CD11b+_glandfront_Ki67,0
CD8 T cells CD11b+_glandfront_ERa,0
CD8 T cells CD11b+_0_ERa,0
CD8 T cells CD11b+_0_PR,0
CD8 T cells CD11b+_0_pP38,0
CD8 T cells CD11b+_0_IFNg,0
CD8 T cells CD11b+_0_VEGF,0
CD8 T cells CD11b+_0_GranzymeB,0
CD8 T cells CD11b+_0_Ki67,0
CD8 T cells CD11b+_0_TIM3,0
CD8 T cells CD11b+_0_NKG2A,0
CD8 T cells CD11b+_0_NKG2C,0
CD8 T cells CD11b+_0_CD27,0
CD8 T cells CD11b+_0_HLA-DR,0
CD8 T cells CD11b+_0_patient_id,0
CD8 T cells CD11b+_0_Dx,0
CD8 T cells CD11b+_glandfront_PR,0
CD4 T cells CD11b+_stromal_patient_id,0
CD8 T cells CD11b+_glandfront_pP38,0
CD8 T cells CD11b+_glandfront_IFNg,0
CD8 T cells CD11b+_glandfront_VEGF,0
CD8 T cells CD11b+_glandfront_GranzymeB,0
CD8 T cells CD11b+_glandfront_Ki67,0
CD8 T cells CD11b+_glandfront_TIM3,0
CD8 T cells CD11b+_glandfront_NKG2A,0
CD8 T cells CD11b+_glandfront_NKG2C,0
CD8 T cells CD11b+_glandfront_CD27,0
CD8 T cells CD11b+_glandfront_HLA-DR,0
CD8 T cells CD11b+_glandfront_patient_id,0
CD8 T cells CD11b+_glandfront_Dx,0
CD8 T cells CD11b+_intragland_ERa,0
CD8 T cells CD11b+_intragland_PR,0
CD4 T cells CD11b+_stromal_Dx,0
CD4 T cells CD11b+_stromal_HLA-DR,0
CD4 T cells CD11b+_glandfront_TIM3,0
CD4 T cells CD11b+_intragland_NKG2A,0
CD4 T cells CD11b+_glandfront_NKG2A,0
CD4 T cells CD11b+_glandfront_NKG2C,0
CD4 T cells CD11b+_glandfront_CD27,0
CD4 T cells CD11b+_glandfront_HLA-DR,0
CD4 T cells CD11b+_glandfront_patient_id,0
CD4 T cells CD11b+_glandfront_Dx,0
CD4 T cells CD11b+_intragland_ERa,0
CD4 T cells CD11b+_intragland_PR,0
CD4 T cells CD11b+_intragland_pP38,0
CD4 T cells CD11b+_intragland_IFNg,0
CD4 T cells CD11b+_intragland_VEGF,0
CD4 T cells CD11b+_intragland_GranzymeB,0
CD4 T cells CD11b+_intragland_Ki67,0
CD4 T cells CD11b+_intragland_TIM3,0
CD4 T cells CD11b+_intragland_NKG2C,0
CD4 T cells CD11b+_stromal_CD27,0
CD4 T cells CD11b+_intragland_CD27,0
CD4 T cells CD11b+_intragland_HLA-DR,0
CD4 T cells CD11b+_intragland_patient_id,0
CD4 T cells CD11b+_intragland_Dx,0
CD4 T cells CD11b+_stromal_ERa,0
CD4 T cells CD11b+_stromal_PR,0
CD4 T cells CD11b+_stromal_pP38,0
CD4 T cells CD11b+_stromal_IFNg,0
CD4 T cells CD11b+_stromal_VEGF,0
CD4 T cells CD11b+_stromal_GranzymeB,0
CD4 T cells CD11b+_stromal_Ki67,0
CD4 T cells CD11b+_stromal_TIM3,0
CD4 T cells CD11b+_stromal_NKG2A,0
CD4 T cells CD11b+_stromal_NKG2C,0
aSMA-br mesenchymal_glandfront_pP38,0
aSMA-br mesenchymal_glandfront_IFNg,0
aSMA-br mesenchymal_glandfront_VEGF,0
CD8 T cells FoxP3+_stromal_aggregatedNeighbors.Stroma.vascular.endothelium,0
CD8 T cells FoxP3+_stromal_aggregatedNeighbors.NK.cells.CD56brCD16.TIM3hi,0
CD8 T cells FoxP3+_stromal_aggregatedNeighbors.NK.cells.CD56brCD16.NKG2AhiTIM3hi,0
CD8 T cells FoxP3+_stromal_aggregatedNeighbors.NK.cells.CD56brCD16.NKG2Ahi,0
CD8 T cells FoxP3+_stromal_aggregatedNeighbors.NK.cells.CD56dimCD16.,0
CD8 T cells FoxP3+_stromal_aggregatedNeighbors.NK.cells.CD56brCD16.,0
CD8 T cells FoxP3+_stromal_aggregatedNeighbors.Stroma.fibroblast,0
CD8 T cells FoxP3+_stromal_aggregatedNeighbors.Stroma.mesenchymal,0
CD4 T cells HLA-DR+_0_aggregatedNeighbors.CD4.T.cells.HLA.DR.,0
CD8 T cells FoxP3+_stromal_aggregatedNeighbors.CD4.T.cells.CD11b.,0
CD8 T cells FoxP3+_stromal_aggregatedNeighbors.CD8.T.cells.CD80.CD86.,0
CD8 T cells FoxP3+_stromal_aggregatedNeighbors.CD4.T.cells.CD80.CD86.,0
CD8 T cells FoxP3+_stromal_aggregatedNeighbors.CD8.T.cells.HLA.DR.,0
CD8 T cells FoxP3+_stromal_aggregatedNeighbors.CD4.T.cells.HLA.DR.,0
CD8 T cells FoxP3+_stromal_aggregatedNeighbors.CD8.T.cells.FoxP3.,0
CD8 T cells FoxP3+_stromal_aggregatedNeighbors.NK.cells.CD56dimCD16.CD9hi,0
CD8 T cells FoxP3+_stromal_aggregatedNeighbors.NK.cells.CD56brCD16.CD9hi,0
CD8 T cells FoxP3+_stromal_aggregatedNeighbors.Macrophages.M1.like,0
CD8 T cells FoxP3+_stromal_aggregatedNeighbors.Macrophages.M2.like,0
CD8 T cells FoxP3+_stromal_aggregatedNeighbors.Macrophages.M1.M2,0
CD8 T cells FoxP3+_stromal_aggregatedNeighbors.Macrophages.MDSC,0
CD8 T cells FoxP3+_stromal_aggregatedNeighbors.Dendritic.Cells.CD33.,0
CD8 T cells FoxP3+_stromal_aggregatedNeighbors.Dendritic.Cells.CD209CD86dp,0
CD8 T cells FoxP3+_stromal_aggregatedNeighbors.Dendritic.Cells.CD209CD33dp,0
CD8 T cells FoxP3+_stromal_aggregatedNeighbors.Neutrophils,0
CD8 T cells FoxP3+_stromal_aggregatedNeighbors.aSMA.br.fibroblast,0
CD8 T cells FoxP3+_stromal_aggregatedNeighbors.aSMA.br.mesenchymal,0
CD8 T cells FoxP3+_stromal_aggregatedNeighbors.aSMA.br.vascular.endothelium,0
CD8 T cells FoxP3+_stromal_aggregatedNeighbors.Gland.mesenchymal,0
CD8 T cells FoxP3+_stromal_aggregatedNeighbors.Gland.fibroblast,0
CD8 T cells FoxP3+_stromal_aggregatedNeighbors.Gland.vascular.endothelium,0
CD8 T cells FoxP3+_stromal_aggregatedNeighbors.aSMA.br.epithelial.stem,0
CD8 T cells FoxP3+_intragland_aggregatedNeighbors.aSMA.br.glandular.epithelium,0
CD8 T cells FoxP3+_intragland_aggregatedNeighbors.aSMA.br.epithelial.stem,0
CD8 T cells FoxP3+_intragland_aggregatedNeighbors.Gland.fibroblast,0
CD8 T cells FoxP3+_intragland_aggregatedNeighbors.CD4.T.cells.HLA.DR.,0
CD8 T cells FoxP3+_glandfront_aggregatedNeighbors.Dendritic.Cells.CD33.,0
CD8 T cells FoxP3+_glandfront_aggregatedNeighbors.Dendritic.Cells.CD209CD86dp,0
CD8 T cells FoxP3+_glandfront_aggregatedNeighbors.Dendritic.Cells.CD209CD33dp,0
CD8 T cells FoxP3+_glandfront_aggregatedNeighbors.Neutrophils,0
CD8 T cells FoxP3+_glandfront_aggregatedNeighbors.NKT,0
CD8 T cells FoxP3+_glandfront_aggregatedNeighbors.aSMA.br.fibroblast,0
CD8 T cells FoxP3+_glandfront_aggregatedNeighbors.aSMA.br.mesenchymal,0
CD8 T cells FoxP3+_glandfront_aggregatedNeighbors.aSMA.br.vascular.endothelium,0
CD8 T cells FoxP3+_glandfront_aggregatedNeighbors.Gland.glandular.epithelium,0
CD8 T cells FoxP3+_glandfront_aggregatedNeighbors.Gland.mesenchymal,0
CD8 T cells FoxP3+_glandfront_aggregatedNeighbors.Gland.fibroblast,0
CD8 T cells FoxP3+_glandfront_aggregatedNeighbors.Gland.vascular.endothelium,0
CD8 T cells FoxP3+_glandfront_aggregatedNeighbors.aSMA.br.epithelial.stem,0
CD8 T cells FoxP3+_glandfront_aggregatedNeighbors.aSMA.br.glandular.epithelium,0
CD8 T cells FoxP3+_intragland_aggregatedNeighbors.CD8.T.cells.HLA.DR.,0
CD8 T cells FoxP3+_intragland_aggregatedNeighbors.Gland.mesenchymal,0
CD8 T cells FoxP3+_intragland_aggregatedNeighbors.CD4.T.cells.CD80.CD86.,0
CD8 T cells FoxP3+_intragland_aggregatedNeighbors.CD8.T.cells.CD80.CD86.,0
CD8 T cells FoxP3+_intragland_aggregatedNeighbors.NK.cells.CD56brCD16.,0
CD8 T cells FoxP3+_intragland_aggregatedNeighbors.NK.cells.CD56brCD16.NKG2Ahi,0
CD8 T cells FoxP3+_intragland_aggregatedNeighbors.NK.cells.CD56brCD16.NKG2AhiTIM3hi,0
CD8 T cells FoxP3+_intragland_aggregatedNeighbors.NK.cells.CD56brCD16.TIM3hi,0
CD8 T cells FoxP3+_intragland_aggregatedNeighbors.NK.cells.CD56brCD16.CD9hi,0
CD8 T cells FoxP3+_intragland_aggregatedNeighbors.Macrophages.M1.like,0
CD8 T cells FoxP3+_intragland_aggregatedNeighbors.Macrophages.M2.like,0
CD8 T cells FoxP3+_intragland_aggregatedNeighbors.Macrophages.M1.M2,0
CD8 T cells FoxP3+_intragland_aggregatedNeighbors.aSMA.br.fibroblast,0
CD8 T cells FoxP3+_intragland_aggregatedNeighbors.aSMA.br.mesenchymal,0
CD8 T cells FoxP3+_intragland_aggregatedNeighbors.aSMA.br.vascular.endothelium,0
CD8 T cells FoxP3+_intragland_aggregatedNeighbors.Gland.glandular.epithelium,0
CD8 T cells FoxP3+_stromal_aggregatedNeighbors.aSMA.br.glandular.epithelium,0
CD4 T cells HLA-DR+_0_aggregatedNeighbors.CD8.T.cells.HLA.DR.,0
CD4 T cells HLA-DR+_intragland_aggregatedNeighbors.aSMA.br.glandular.epithelium,0
CD4 T cells HLA-DR+_glandfront_aggregatedNeighbors.Gland.glandular.epithelium,0
CD4 T cells HLA-DR+_intragland_aggregatedNeighbors.CD4.T.cells.HLA.DR.,0
CD4 T cells HLA-DR+_glandfront_aggregatedNeighbors.aSMA.br.glandular.epithelium,0
CD4 T cells HLA-DR+_glandfront_aggregatedNeighbors.aSMA.br.epithelial.stem,0
CD4 T cells HLA-DR+_glandfront_aggregatedNeighbors.Gland.vascular.endothelium,0
CD4 T cells HLA-DR+_glandfront_aggregatedNeighbors.Gland.fibroblast,0
CD4 T cells HLA-DR+_glandfront_aggregatedNeighbors.Gland.mesenchymal,0
CD4 T cells HLA-DR+_glandfront_aggregatedNeighbors.aSMA.br.vascular.endothelium,0
CD4 T cells HLA-DR+_0_aggregatedNeighbors.CD4.T.cells.CD80.CD86.,0
CD4 T cells HLA-DR+_glandfront_aggregatedNeighbors.aSMA.br.mesenchymal,0
CD4 T cells HLA-DR+_glandfront_aggregatedNeighbors.aSMA.br.fibroblast,0
CD4 T cells HLA-DR+_glandfront_aggregatedNeighbors.NKT,0
CD4 T cells HLA-DR+_glandfront_aggregatedNeighbors.Neutrophils,0
CD4 T cells HLA-DR+_glandfront_aggregatedNeighbors.Dendritic.Cells.CD209CD33dp,0
CD4 T cells HLA-DR+_glandfront_aggregatedNeighbors.Dendritic.Cells.CD209CD86dp,0
CD4 T cells HLA-DR+_intragland_aggregatedNeighbors.CD8.T.cells.HLA.DR.,0
CD4 T cells HLA-DR+_intragland_aggregatedNeighbors.CD4.T.cells.CD80.CD86.,0
CD4 T cells HLA-DR+_intragland_aggregatedNeighbors.CD8.T.cells.CD80.CD86.,0
CD4 T cells HLA-DR+_intragland_aggregatedNeighbors.NK.cells.CD56brCD16.,0
CD4 T cells HLA-DR+_intragland_aggregatedNeighbors.NK.cells.CD56brCD16.NKG2Ahi,0
CD4 T cells HLA-DR+_intragland_aggregatedNeighbors.NK.cells.CD56brCD16.NKG2AhiTIM3hi,0
CD4 T cells HLA-DR+_intragland_aggregatedNeighbors.NK.cells.CD56brCD16.TIM3hi,0
CD4 T cells HLA-DR+_intragland_aggregatedNeighbors.NK.cells.CD56brCD16.CD9hi,0
CD4 T cells HLA-DR+_intragland_aggregatedNeighbors.Macrophages.M1.like,0
CD4 T cells HLA-DR+_intragland_aggregatedNeighbors.Macrophages.M2.like,0
CD4 T cells HLA-DR+_intragland_aggregatedNeighbors.Macrophages.M1.M2,0
CD4 T cells HLA-DR+_intragland_aggregatedNeighbors.aSMA.br.fibroblast,0
CD4 T cells HLA-DR+_intragland_aggregatedNeighbors.aSMA.br.mesenchymal,0
CD4 T cells HLA-DR+_intragland_aggregatedNeighbors.aSMA.br.vascular.endothelium,0
CD4 T cells HLA-DR+_intragland_aggregatedNeighbors.Gland.glandular.epithelium,0
CD4 T cells HLA-DR+_intragland_aggregatedNeighbors.Gland.mesenchymal,0
CD4 T cells HLA-DR+_intragland_aggregatedNeighbors.Gland.fibroblast,0
CD4 T cells HLA-DR+_glandfront_aggregatedNeighbors.Dendritic.Cells.CD33.,0
CD4 T cells HLA-DR+_glandfront_aggregatedNeighbors.Macrophages.MDSC,0
CD4 T cells HLA-DR+_glandfront_aggregatedNeighbors.Macrophages.M1.M2,0
CD4 T cells HLA-DR+_glandfront_aggregatedNeighbors.CD8.T.cells.FoxP3.,0
CD4 T cells HLA-DR+_0_aggregatedNeighbors.CD8.T.cells.CD80.CD86.,0
CD4 T cells HLA-DR+_0_aggregatedNeighbors.NK.cells.CD56brCD16.,0
CD4 T cells HLA-DR+_0_aggregatedNeighbors.NK.cells.CD56brCD16.NKG2Ahi,0
CD4 T cells HLA-DR+_0_aggregatedNeighbors.NK.cells.CD56brCD16.NKG2AhiTIM3hi,0
CD4 T cells HLA-DR+_0_aggregatedNeighbors.NK.cells.CD56brCD16.TIM3hi,0
CD4 T cells HLA-DR+_0_aggregatedNeighbors.NK.cells.CD56brCD16.CD9hi,0
CD4 T cells HLA-DR+_0_aggregatedNeighbors.Macrophages.M1.like,0
CD4 T cells HLA-DR+_0_aggregatedNeighbors.Macrophages.M2.like,0
CD4 T cells HLA-DR+_0_aggregatedNeighbors.Macrophages.M1.M2,0
CD4 T cells HLA-DR+_0_aggregatedNeighbors.aSMA.br.fibroblast,0
CD4 T cells HLA-DR+_0_aggregatedNeighbors.aSMA.br.mesenchymal,0
CD4 T cells HLA-DR+_0_aggregatedNeighbors.aSMA.br.vascular.endothelium,0
CD4 T cells HLA-DR+_0_aggregatedNeighbors.aSMA.br.epithelial.stem,0
CD4 T cells HLA-DR+_0_aggregatedNeighbors.aSMA.br.glandular.epithelium,0
CD4 T cells HLA-DR+_glandfront_aggregatedNeighbors.CD4.T.cells.HLA.DR.,0
CD4 T cells HLA-DR+_glandfront_aggregatedNeighbors.Macrophages.M2.like,0
CD4 T cells HLA-DR+_glandfront_aggregatedNeighbors.CD8.T.cells.HLA.DR.,0
CD4 T cells HLA-DR+_glandfront_aggregatedNeighbors.CD4.T.cells.CD80.CD86.,0
CD4 T cells HLA-DR+_glandfront_aggregatedNeighbors.CD8.T.cells.CD80.CD86.,0
CD4 T cells HLA-DR+_glandfront_aggregatedNeighbors.Stroma.mesenchymal,0
CD4 T cells HLA-DR+_glandfront_aggregatedNeighbors.Stroma.vascular.endothelium,0
CD4 T cells HLA-DR+_glandfront_aggregatedNeighbors.Stroma.fibroblast,0
CD4 T cells HLA-DR+_glandfront_aggregatedNeighbors.NK.cells.CD56brCD16.,0
CD4 T cells HLA-DR+_glandfront_aggregatedNeighbors.NK.cells.CD56dimCD16.,0
CD4 T cells HLA-DR+_glandfront_aggregatedNeighbors.NK.cells.CD56brCD16.NKG2Ahi,0
CD4 T cells HLA-DR+_glandfront_aggregatedNeighbors.NK.cells.CD56brCD16.NKG2AhiTIM3hi,0
CD4 T cells HLA-DR+_glandfront_aggregatedNeighbors.NK.cells.CD56brCD16.TIM3hi,0
CD4 T cells HLA-DR+_glandfront_aggregatedNeighbors.NK.cells.CD56dimCD16.CD9hi,0
CD4 T cells HLA-DR+_glandfront_aggregatedNeighbors.NK.cells.CD56brCD16.CD9hi,0
CD4 T cells HLA-DR+_glandfront_aggregatedNeighbors.Macrophages.M1.like,0
CD8 T cells FoxP3+_glandfront_aggregatedNeighbors.Macrophages.MDSC,0
CD8 T cells FoxP3+_glandfront_aggregatedNeighbors.Macrophages.M1.M2,0
CD8 T cells FoxP3+_glandfront_aggregatedNeighbors.Macrophages.M2.like,0
CD4 T cells FoxP3+_glandfront_aggregatedNeighbors.aSMA.br.mesenchymal,0
CD4 T cells FoxP3+_glandfront_aggregatedNeighbors.aSMA.br.epithelial.stem,0
CD4 T cells FoxP3+_glandfront_aggregatedNeighbors.Gland.vascular.endothelium,0
CD4 T cells FoxP3+_glandfront_aggregatedNeighbors.Gland.fibroblast,0
CD4 T cells FoxP3+_glandfront_aggregatedNeighbors.Gland.mesenchymal,0
CD4 T cells FoxP3+_glandfront_aggregatedNeighbors.Gland.glandular.epithelium,0
CD4 T cells FoxP3+_glandfront_aggregatedNeighbors.aSMA.br.vascular.endothelium,0
CD4 T cells FoxP3+_glandfront_aggregatedNeighbors.aSMA.br.fibroblast,0
CD8 T cells FoxP3+_glandfront_aggregatedNeighbors.Macrophages.M1.like,0
CD4 T cells FoxP3+_glandfront_aggregatedNeighbors.NKT,0
CD4 T cells FoxP3+_glandfront_aggregatedNeighbors.Neutrophils,0
CD4 T cells FoxP3+_glandfront_aggregatedNeighbors.Dendritic.Cells.CD209CD33dp,0
CD4 T cells FoxP3+_glandfront_aggregatedNeighbors.Dendritic.Cells.CD209CD86dp,0
CD4 T cells FoxP3+_glandfront_aggregatedNeighbors.Dendritic.Cells.CD33.,0
CD4 T cells FoxP3+_glandfront_aggregatedNeighbors.Macrophages.MDSC,0
CD4 T cells FoxP3+_glandfront_aggregatedNeighbors.aSMA.br.glandular.epithelium,0
CD4 T cells FoxP3+_intragland_aggregatedNeighbors.CD4.T.cells.HLA.DR.,0
CD4 T cells FoxP3+_intragland_aggregatedNeighbors.CD8.T.cells.HLA.DR.,0
CD4 T cells FoxP3+_intragland_aggregatedNeighbors.CD4.T.cells.CD80.CD86.,0
CD4 T cells FoxP3+_intragland_aggregatedNeighbors.CD8.T.cells.CD80.CD86.,0
CD4 T cells FoxP3+_intragland_aggregatedNeighbors.NK.cells.CD56brCD16.,0
CD4 T cells FoxP3+_intragland_aggregatedNeighbors.NK.cells.CD56brCD16.NKG2Ahi,0
CD4 T cells FoxP3+_intragland_aggregatedNeighbors.NK.cells.CD56brCD16.NKG2AhiTIM3hi,0
CD4 T cells FoxP3+_intragland_aggregatedNeighbors.NK.cells.CD56brCD16.TIM3hi,0
CD4 T cells FoxP3+_intragland_aggregatedNeighbors.NK.cells.CD56brCD16.CD9hi,0
CD4 T cells FoxP3+_intragland_aggregatedNeighbors.Macrophages.M1.like,0
CD4 T cells FoxP3+_intragland_aggregatedNeighbors.Macrophages.M2.like,0
CD4 T cells FoxP3+_intragland_aggregatedNeighbors.Macrophages.M1.M2,0
CD4 T cells FoxP3+_intragland_aggregatedNeighbors.aSMA.br.fibroblast,0
CD4 T cells FoxP3+_intragland_aggregatedNeighbors.aSMA.br.mesenchymal,0
CD4 T cells FoxP3+_intragland_aggregatedNeighbors.aSMA.br.vascular.endothelium,0
CD4 T cells FoxP3+_intragland_aggregatedNeighbors.Gland.glandular.epithelium,0
CD4 T cells FoxP3+_glandfront_aggregatedNeighbors.Macrophages.M1.M2,0
CD4 T cells FoxP3+_glandfront_aggregatedNeighbors.Macrophages.M2.like,0
CD4 T cells FoxP3+_glandfront_aggregatedNeighbors.Macrophages.M1.like,0
CD4 T cells FoxP3+_0_aggregatedNeighbors.aSMA.br.epithelial.stem,0
CD4 T cells FoxP3+_0_aggregatedNeighbors.CD8.T.cells.HLA.DR.,0
CD4 T cells FoxP3+_0_aggregatedNeighbors.CD4.T.cells.CD80.CD86.,0
CD4 T cells FoxP3+_0_aggregatedNeighbors.CD8.T.cells.CD80.CD86.,0
CD4 T cells FoxP3+_0_aggregatedNeighbors.NK.cells.CD56brCD16.,0
CD4 T cells FoxP3+_0_aggregatedNeighbors.NK.cells.CD56brCD16.NKG2Ahi,0
CD4 T cells FoxP3+_0_aggregatedNeighbors.NK.cells.CD56brCD16.NKG2AhiTIM3hi,0
CD4 T cells FoxP3+_0_aggregatedNeighbors.NK.cells.CD56brCD16.TIM3hi,0
CD4 T cells FoxP3+_0_aggregatedNeighbors.NK.cells.CD56brCD16.CD9hi,0
CD4 T cells FoxP3+_0_aggregatedNeighbors.Macrophages.M1.like,0
CD4 T cells FoxP3+_0_aggregatedNeighbors.Macrophages.M2.like,0
CD4 T cells FoxP3+_0_aggregatedNeighbors.Macrophages.M1.M2,0
CD4 T cells FoxP3+_0_aggregatedNeighbors.aSMA.br.fibroblast,0
CD4 T cells FoxP3+_0_aggregatedNeighbors.aSMA.br.mesenchymal,0
CD4 T cells FoxP3+_0_aggregatedNeighbors.aSMA.br.vascular.endothelium,0
CD4 T cells FoxP3+_0_aggregatedNeighbors.aSMA.br.glandular.epithelium,0
CD4 T cells FoxP3+_glandfront_aggregatedNeighbors.NK.cells.CD56brCD16.CD9hi,0
CD4 T cells FoxP3+_glandfront_aggregatedNeighbors.CD8.T.cells.FoxP3.,0
CD4 T cells FoxP3+_glandfront_aggregatedNeighbors.CD4.T.cells.HLA.DR.,0
CD4 T cells FoxP3+_glandfront_aggregatedNeighbors.CD8.T.cells.HLA.DR.,0
CD4 T cells FoxP3+_glandfront_aggregatedNeighbors.CD4.T.cells.CD80.CD86.,0
CD4 T cells FoxP3+_glandfront_aggregatedNeighbors.CD8.T.cells.CD80.CD86.,0
CD4 T cells FoxP3+_glandfront_aggregatedNeighbors.Stroma.mesenchymal,0
CD4 T cells FoxP3+_glandfront_aggregatedNeighbors.Stroma.vascular.endothelium,0
CD4 T cells FoxP3+_glandfront_aggregatedNeighbors.Stroma.fibroblast,0
CD4 T cells FoxP3+_glandfront_aggregatedNeighbors.NK.cells.CD56brCD16.,0
CD4 T cells FoxP3+_glandfront_aggregatedNeighbors.NK.cells.CD56dimCD16.,0
CD4 T cells FoxP3+_glandfront_aggregatedNeighbors.NK.cells.CD56brCD16.NKG2Ahi,0
CD4 T cells FoxP3+_glandfront_aggregatedNeighbors.NK.cells.CD56brCD16.NKG2AhiTIM3hi,0
CD4 T cells FoxP3+_glandfront_aggregatedNeighbors.NK.cells.CD56brCD16.TIM3hi,0
CD4 T cells FoxP3+_glandfront_aggregatedNeighbors.NK.cells.CD56dimCD16.CD9hi,0
CD4 T cells FoxP3+_intragland_aggregatedNeighbors.Gland.mesenchymal,0
CD4 T cells FoxP3+_intragland_aggregatedNeighbors.Gland.fibroblast,0
CD4 T cells FoxP3+_intragland_aggregatedNeighbors.aSMA.br.epithelial.stem,0
CD8 T cells FoxP3+_0_aggregatedNeighbors.aSMA.br.glandular.epithelium,0
CD8 T cells FoxP3+_0_aggregatedNeighbors.CD4.T.cells.CD80.CD86.,0
CD8 T cells FoxP3+_0_aggregatedNeighbors.CD8.T.cells.CD80.CD86.,0
CD8 T cells FoxP3+_0_aggregatedNeighbors.NK.cells.CD56brCD16.,0
CD8 T cells FoxP3+_0_aggregatedNeighbors.NK.cells.CD56brCD16.NKG2Ahi,0
CD8 T cells FoxP3+_0_aggregatedNeighbors.NK.cells.CD56brCD16.NKG2AhiTIM3hi,0
CD8 T cells FoxP3+_0_aggregatedNeighbors.NK.cells.CD56brCD16.TIM3hi,0
CD8 T cells FoxP3+_0_aggregatedNeighbors.NK.cells.CD56brCD16.CD9hi,0
CD8 T cells FoxP3+_0_aggregatedNeighbors.Macrophages.M1.like,0
CD8 T cells FoxP3+_0_aggregatedNeighbors.Macrophages.M2.like,0
CD8 T cells FoxP3+_0_aggregatedNeighbors.Macrophages.M1.M2,0
CD8 T cells FoxP3+_0_aggregatedNeighbors.aSMA.br.fibroblast,0
CD8 T cells FoxP3+_0_aggregatedNeighbors.aSMA.br.mesenchymal,0
CD8 T cells FoxP3+_0_aggregatedNeighbors.aSMA.br.vascular.endothelium,0
CD8 T cells FoxP3+_0_aggregatedNeighbors.aSMA.br.epithelial.stem,0
CD8 T cells FoxP3+_glandfront_aggregatedNeighbors.CD8.T.cells.FoxP3.,0
CD8 T cells FoxP3+_0_aggregatedNeighbors.CD4.T.cells.HLA.DR.,0
CD8 T cells FoxP3+_glandfront_aggregatedNeighbors.CD4.T.cells.HLA.DR.,0
CD8 T cells FoxP3+_glandfront_aggregatedNeighbors.CD8.T.cells.HLA.DR.,0
CD8 T cells FoxP3+_glandfront_aggregatedNeighbors.CD4.T.cells.CD80.CD86.,0
CD8 T cells FoxP3+_glandfront_aggregatedNeighbors.CD8.T.cells.CD80.CD86.,0
CD8 T cells FoxP3+_glandfront_aggregatedNeighbors.Stroma.mesenchymal,0
CD8 T cells FoxP3+_glandfront_aggregatedNeighbors.Stroma.vascular.endothelium,0
CD8 T cells FoxP3+_glandfront_aggregatedNeighbors.Stroma.fibroblast,0
CD8 T cells FoxP3+_glandfront_aggregatedNeighbors.NK.cells.CD56brCD16.,0
CD8 T cells FoxP3+_glandfront_aggregatedNeighbors.NK.cells.CD56dimCD16.,0
CD8 T cells FoxP3+_glandfront_aggregatedNeighbors.NK.cells.CD56brCD16.NKG2Ahi,0
CD8 T cells FoxP3+_glandfront_aggregatedNeighbors.NK.cells.CD56brCD16.NKG2AhiTIM3hi,0
CD8 T cells FoxP3+_glandfront_aggregatedNeighbors.NK.cells.CD56brCD16.TIM3hi,0
CD8 T cells FoxP3+_glandfront_aggregatedNeighbors.NK.cells.CD56dimCD16.CD9hi,0
CD8 T cells FoxP3+_glandfront_aggregatedNeighbors.NK.cells.CD56brCD16.CD9hi,0
CD8 T cells FoxP3+_0_aggregatedNeighbors.CD8.T.cells.HLA.DR.,0
CD4 T cells FoxP3+_stromal_aggregatedNeighbors.aSMA.br.glandular.epithelium,0
CD4 T cells FoxP3+_intragland_aggregatedNeighbors.aSMA.br.glandular.epithelium,0
CD4 T cells FoxP3+_stromal_aggregatedNeighbors.NK.cells.CD56dimCD16.CD9hi,0
CD4 T cells FoxP3+_stromal_aggregatedNeighbors.CD8.T.cells.FoxP3.,0
CD4 T cells FoxP3+_stromal_aggregatedNeighbors.CD4.T.cells.HLA.DR.,0
CD4 T cells FoxP3+_stromal_aggregatedNeighbors.CD8.T.cells.HLA.DR.,0
CD4 T cells FoxP3+_stromal_aggregatedNeighbors.CD4.T.cells.CD80.CD86.,0
CD4 T cells FoxP3+_stromal_aggregatedNeighbors.CD8.T.cells.CD80.CD86.,0
CD4 T cells FoxP3+_stromal_aggregatedNeighbors.CD4.T.cells.CD11b.,0
CD4 T cells FoxP3+_stromal_aggregatedNeighbors.Stroma.mesenchymal,0
CD4 T cells FoxP3+_stromal_aggregatedNeighbors.Stroma.vascular.endothelium,0
CD4 T cells FoxP3+_stromal_aggregatedNeighbors.Stroma.fibroblast,0
CD4 T cells FoxP3+_stromal_aggregatedNeighbors.NK.cells.CD56brCD16.,0
CD4 T cells FoxP3+_stromal_aggregatedNeighbors.NK.cells.CD56dimCD16.,0
CD4 T cells FoxP3+_stromal_aggregatedNeighbors.NK.cells.CD56brCD16.NKG2Ahi,0
CD4 T cells FoxP3+_stromal_aggregatedNeighbors.NK.cells.CD56brCD16.NKG2AhiTIM3hi,0
CD4 T cells FoxP3+_stromal_aggregatedNeighbors.NK.cells.CD56brCD16.TIM3hi,0
CD4 T cells FoxP3+_stromal_aggregatedNeighbors.NK.cells.CD56brCD16.CD9hi,0
CD4 T cells FoxP3+_stromal_aggregatedNeighbors.aSMA.br.epithelial.stem,0
CD4 T cells FoxP3+_stromal_aggregatedNeighbors.Macrophages.M1.like,0
CD4 T cells FoxP3+_stromal_aggregatedNeighbors.Macrophages.M2.like,0
CD4 T cells FoxP3+_stromal_aggregatedNeighbors.Macrophages.M1.M2,0
CD4 T cells FoxP3+_stromal_aggregatedNeighbors.Macrophages.MDSC,0
CD4 T cells FoxP3+_stromal_aggregatedNeighbors.Dendritic.Cells.CD33.,0
CD4 T cells FoxP3+_stromal_aggregatedNeighbors.Dendritic.Cells.CD209CD86dp,0
CD4 T cells FoxP3+_stromal_aggregatedNeighbors.Dendritic.Cells.CD209CD33dp,0
CD4 T cells FoxP3+_stromal_aggregatedNeighbors.Neutrophils,0
CD4 T cells FoxP3+_stromal_aggregatedNeighbors.aSMA.br.fibroblast,0
CD4 T cells FoxP3+_stromal_aggregatedNeighbors.aSMA.br.mesenchymal,0
CD4 T cells FoxP3+_stromal_aggregatedNeighbors.aSMA.br.vascular.endothelium,0
CD4 T cells FoxP3+_stromal_aggregatedNeighbors.Gland.mesenchymal,0
CD4 T cells FoxP3+_stromal_aggregatedNeighbors.Gland.fibroblast,0
CD4 T cells FoxP3+_stromal_aggregatedNeighbors.Gland.vascular.endothelium,0
CD4 T cells HLA-DR+_intragland_aggregatedNeighbors.aSMA.br.epithelial.stem,0
CD4 T cells HLA-DR+_stromal_aggregatedNeighbors.CD8.T.cells.FoxP3.,0
aSMA-br mesenchymal_glandfront_Ki67,0
CD4 T cells CD80/CD86+_glandfront_aggregatedNeighbors.Gland.fibroblast,0
CD4 T cells CD80/CD86+_intragland_aggregatedNeighbors.CD4.T.cells.CD80.CD86.,0
CD4 T cells CD80/CD86+_intragland_aggregatedNeighbors.CD8.T.cells.HLA.DR.,0
CD4 T cells CD80/CD86+_intragland_aggregatedNeighbors.CD4.T.cells.HLA.DR.,0
CD4 T cells CD80/CD86+_glandfront_aggregatedNeighbors.aSMA.br.glandular.epithelium,0
CD4 T cells CD80/CD86+_glandfront_aggregatedNeighbors.aSMA.br.epithelial.stem,0
CD4 T cells CD80/CD86+_glandfront_aggregatedNeighbors.Gland.vascular.endothelium,0
CD4 T cells CD80/CD86+_glandfront_aggregatedNeighbors.Gland.mesenchymal,0
CD4 T cells CD80/CD86+_stromal_aggregatedNeighbors.CD4.T.cells.HLA.DR.,0
CD4 T cells CD80/CD86+_glandfront_aggregatedNeighbors.Gland.glandular.epithelium,0
CD4 T cells CD80/CD86+_glandfront_aggregatedNeighbors.aSMA.br.vascular.endothelium,0
CD4 T cells CD80/CD86+_glandfront_aggregatedNeighbors.aSMA.br.mesenchymal,0
CD4 T cells CD80/CD86+_glandfront_aggregatedNeighbors.aSMA.br.fibroblast,0
CD4 T cells CD80/CD86+_glandfront_aggregatedNeighbors.NKT,0
CD4 T cells CD80/CD86+_glandfront_aggregatedNeighbors.Neutrophils,0
CD4 T cells CD80/CD86+_intragland_aggregatedNeighbors.CD8.T.cells.CD80.CD86.,0
CD4 T cells CD80/CD86+_intragland_aggregatedNeighbors.NK.cells.CD56brCD16.,0
CD4 T cells CD80/CD86+_intragland_aggregatedNeighbors.NK.cells.CD56brCD16.NKG2Ahi,0
CD4 T cells CD80/CD86+_intragland_aggregatedNeighbors.NK.cells.CD56brCD16.NKG2AhiTIM3hi,0
CD4 T cells CD80/CD86+_intragland_aggregatedNeighbors.NK.cells.CD56brCD16.TIM3hi,0
CD4 T cells CD80/CD86+_intragland_aggregatedNeighbors.NK.cells.CD56brCD16.CD9hi,0
CD4 T cells CD80/CD86+_intragland_aggregatedNeighbors.Macrophages.M1.like,0
CD4 T cells CD80/CD86+_intragland_aggregatedNeighbors.Macrophages.M2.like,0
CD4 T cells CD80/CD86+_intragland_aggregatedNeighbors.Macrophages.M1.M2,0
CD4 T cells CD80/CD86+_intragland_aggregatedNeighbors.aSMA.br.fibroblast,0
CD4 T cells CD80/CD86+_intragland_aggregatedNeighbors.aSMA.br.mesenchymal,0
CD4 T cells CD80/CD86+_intragland_aggregatedNeighbors.aSMA.br.vascular.endothelium,0
CD4 T cells CD80/CD86+_intragland_aggregatedNeighbors.Gland.glandular.epithelium,0
CD4 T cells CD80/CD86+_intragland_aggregatedNeighbors.Gland.mesenchymal,0
CD4 T cells CD80/CD86+_intragland_aggregatedNeighbors.Gland.fibroblast,0
CD4 T cells CD80/CD86+_intragland_aggregatedNeighbors.aSMA.br.epithelial.stem,0
CD4 T cells CD80/CD86+_intragland_aggregatedNeighbors.aSMA.br.glandular.epithelium,0
CD4 T cells CD80/CD86+_glandfront_aggregatedNeighbors.Dendritic.Cells.CD209CD33dp,0
CD4 T cells CD80/CD86+_glandfront_aggregatedNeighbors.Dendritic.Cells.CD209CD86dp,0
CD4 T cells CD80/CD86+_glandfront_aggregatedNeighbors.Dendritic.Cells.CD33.,0
CD4 T cells CD80/CD86+_glandfront_aggregatedNeighbors.CD8.T.cells.HLA.DR.,0
CD4 T cells CD80/CD86+_0_aggregatedNeighbors.NK.cells.CD56brCD16.NKG2Ahi,0
CD4 T cells CD80/CD86+_0_aggregatedNeighbors.NK.cells.CD56brCD16.NKG2AhiTIM3hi,0
CD4 T cells CD80/CD86+_0_aggregatedNeighbors.NK.cells.CD56brCD16.TIM3hi,0
CD4 T cells CD80/CD86+_0_aggregatedNeighbors.NK.cells.CD56brCD16.CD9hi,0
CD4 T cells CD80/CD86+_0_aggregatedNeighbors.Macrophages.M1.like,0
CD4 T cells CD80/CD86+_0_aggregatedNeighbors.Macrophages.M2.like,0
CD4 T cells CD80/CD86+_0_aggregatedNeighbors.Macrophages.M1.M2,0
CD4 T cells CD80/CD86+_0_aggregatedNeighbors.aSMA.br.fibroblast,0
CD4 T cells CD80/CD86+_0_aggregatedNeighbors.aSMA.br.mesenchymal,0
CD4 T cells CD80/CD86+_0_aggregatedNeighbors.aSMA.br.vascular.endothelium,0
CD4 T cells CD80/CD86+_0_aggregatedNeighbors.aSMA.br.epithelial.stem,0
CD4 T cells CD80/CD86+_0_aggregatedNeighbors.aSMA.br.glandular.epithelium,0
CD4 T cells CD80/CD86+_glandfront_aggregatedNeighbors.CD8.T.cells.FoxP3.,0
CD4 T cells CD80/CD86+_glandfront_aggregatedNeighbors.CD4.T.cells.HLA.DR.,0
CD4 T cells CD80/CD86+_glandfront_aggregatedNeighbors.CD4.T.cells.CD80.CD86.,0
CD4 T cells CD80/CD86+_glandfront_aggregatedNeighbors.Macrophages.MDSC,0
CD4 T cells CD80/CD86+_glandfront_aggregatedNeighbors.CD8.T.cells.CD80.CD86.,0
CD4 T cells CD80/CD86+_glandfront_aggregatedNeighbors.Stroma.mesenchymal,0
CD4 T cells CD80/CD86+_glandfront_aggregatedNeighbors.Stroma.vascular.endothelium,0
CD4 T cells CD80/CD86+_glandfront_aggregatedNeighbors.Stroma.fibroblast,0
CD4 T cells CD80/CD86+_glandfront_aggregatedNeighbors.NK.cells.CD56brCD16.,0
CD4 T cells CD80/CD86+_glandfront_aggregatedNeighbors.NK.cells.CD56dimCD16.,0
CD4 T cells CD80/CD86+_glandfront_aggregatedNeighbors.NK.cells.CD56brCD16.NKG2Ahi,0
CD4 T cells CD80/CD86+_glandfront_aggregatedNeighbors.NK.cells.CD56brCD16.NKG2AhiTIM3hi,0
CD4 T cells CD80/CD86+_glandfront_aggregatedNeighbors.NK.cells.CD56brCD16.TIM3hi,0
CD4 T cells CD80/CD86+_glandfront_aggregatedNeighbors.NK.cells.CD56dimCD16.CD9hi,0
CD4 T cells CD80/CD86+_glandfront_aggregatedNeighbors.NK.cells.CD56brCD16.CD9hi,0
CD4 T cells CD80/CD86+_glandfront_aggregatedNeighbors.Macrophages.M1.like,0
CD4 T cells CD80/CD86+_glandfront_aggregatedNeighbors.Macrophages.M2.like,0
CD4 T cells CD80/CD86+_glandfront_aggregatedNeighbors.Macrophages.M1.M2,0
CD4 T cells CD80/CD86+_stromal_aggregatedNeighbors.CD8.T.cells.FoxP3.,0
CD4 T cells CD80/CD86+_stromal_aggregatedNeighbors.CD8.T.cells.HLA.DR.,0
CD4 T cells HLA-DR+_stromal_aggregatedNeighbors.CD4.T.cells.HLA.DR.,0
CD8 T cells CD80/CD86+_0_aggregatedNeighbors.aSMA.br.mesenchymal,0
CD8 T cells CD80/CD86+_glandfront_aggregatedNeighbors.CD8.T.cells.HLA.DR.,0
CD8 T cells CD80/CD86+_glandfront_aggregatedNeighbors.CD4.T.cells.HLA.DR.,0
CD8 T cells CD80/CD86+_glandfront_aggregatedNeighbors.CD8.T.cells.FoxP3.,0
CD8 T cells CD80/CD86+_0_aggregatedNeighbors.aSMA.br.glandular.epithelium,0
CD8 T cells CD80/CD86+_0_aggregatedNeighbors.aSMA.br.epithelial.stem,0
CD8 T cells CD80/CD86+_0_aggregatedNeighbors.aSMA.br.vascular.endothelium,0
CD8 T cells CD80/CD86+_0_aggregatedNeighbors.aSMA.br.fibroblast,0
CD4 T cells CD80/CD86+_stromal_aggregatedNeighbors.CD4.T.cells.CD80.CD86.,0
CD8 T cells CD80/CD86+_0_aggregatedNeighbors.Macrophages.M1.M2,0
CD8 T cells CD80/CD86+_0_aggregatedNeighbors.Macrophages.M2.like,0
CD8 T cells CD80/CD86+_0_aggregatedNeighbors.Macrophages.M1.like,0
CD8 T cells CD80/CD86+_0_aggregatedNeighbors.NK.cells.CD56brCD16.CD9hi,0
CD8 T cells CD80/CD86+_0_aggregatedNeighbors.NK.cells.CD56brCD16.TIM3hi,0
CD8 T cells CD80/CD86+_0_aggregatedNeighbors.NK.cells.CD56brCD16.NKG2AhiTIM3hi,0
CD8 T cells CD80/CD86+_glandfront_aggregatedNeighbors.CD4.T.cells.CD80.CD86.,0
CD8 T cells CD80/CD86+_glandfront_aggregatedNeighbors.CD8.T.cells.CD80.CD86.,0
CD8 T cells CD80/CD86+_glandfront_aggregatedNeighbors.Stroma.mesenchymal,0
CD8 T cells CD80/CD86+_glandfront_aggregatedNeighbors.Stroma.vascular.endothelium,0
CD8 T cells CD80/CD86+_glandfront_aggregatedNeighbors.Stroma.fibroblast,0
CD8 T cells CD80/CD86+_glandfront_aggregatedNeighbors.NK.cells.CD56brCD16.,0
CD8 T cells CD80/CD86+_glandfront_aggregatedNeighbors.NK.cells.CD56dimCD16.,0
CD8 T cells CD80/CD86+_glandfront_aggregatedNeighbors.NK.cells.CD56brCD16.NKG2Ahi,0
CD8 T cells CD80/CD86+_glandfront_aggregatedNeighbors.NK.cells.CD56brCD16.NKG2AhiTIM3hi,0
CD8 T cells CD80/CD86+_glandfront_aggregatedNeighbors.NK.cells.CD56brCD16.TIM3hi,0
CD8 T cells CD80/CD86+_glandfront_aggregatedNeighbors.NK.cells.CD56dimCD16.CD9hi,0
CD8 T cells CD80/CD86+_glandfront_aggregatedNeighbors.NK.cells.CD56brCD16.CD9hi,0
CD8 T cells CD80/CD86+_glandfront_aggregatedNeighbors.Macrophages.M1.like,0
CD8 T cells CD80/CD86+_glandfront_aggregatedNeighbors.Macrophages.M2.like,0
CD8 T cells CD80/CD86+_glandfront_aggregatedNeighbors.Macrophages.M1.M2,0
CD8 T cells CD80/CD86+_glandfront_aggregatedNeighbors.Macrophages.MDSC,0
CD8 T cells CD80/CD86+_glandfront_aggregatedNeighbors.Dendritic.Cells.CD33.,0
CD8 T cells CD80/CD86+_0_aggregatedNeighbors.NK.cells.CD56brCD16.NKG2Ahi,0
CD8 T cells CD80/CD86+_0_aggregatedNeighbors.NK.cells.CD56brCD16.,0
CD8 T cells CD80/CD86+_0_aggregatedNeighbors.CD8.T.cells.CD80.CD86.,0
CD4 T cells FoxP3+_0_PR,0
CD4 T cells CD80/CD86+_stromal_aggregatedNeighbors.CD8.T.cells.CD80.CD86.,0
CD4 T cells CD80/CD86+_stromal_aggregatedNeighbors.CD4.T.cells.CD11b.,0
CD4 T cells CD80/CD86+_stromal_aggregatedNeighbors.Stroma.mesenchymal,0
CD4 T cells CD80/CD86+_stromal_aggregatedNeighbors.Stroma.vascular.endothelium,0
CD4 T cells CD80/CD86+_stromal_aggregatedNeighbors.Stroma.fibroblast,0
CD4 T cells CD80/CD86+_stromal_aggregatedNeighbors.NK.cells.CD56brCD16.,0
CD4 T cells CD80/CD86+_stromal_aggregatedNeighbors.NK.cells.CD56dimCD16.,0
CD4 T cells CD80/CD86+_stromal_aggregatedNeighbors.NK.cells.CD56brCD16.NKG2Ahi,0
CD4 T cells CD80/CD86+_stromal_aggregatedNeighbors.NK.cells.CD56brCD16.NKG2AhiTIM3hi,0
CD4 T cells CD80/CD86+_stromal_aggregatedNeighbors.NK.cells.CD56brCD16.TIM3hi,0
CD4 T cells CD80/CD86+_stromal_aggregatedNeighbors.NK.cells.CD56dimCD16.CD9hi,0
CD4 T cells CD80/CD86+_stromal_aggregatedNeighbors.NK.cells.CD56brCD16.CD9hi,0
CD4 T cells CD80/CD86+_stromal_aggregatedNeighbors.Macrophages.M1.like,0
CD4 T cells CD80/CD86+_stromal_aggregatedNeighbors.Macrophages.M2.like,0
CD4 T cells CD80/CD86+_stromal_aggregatedNeighbors.Macrophages.MDSC,0
CD8 T cells CD80/CD86+_0_aggregatedNeighbors.CD4.T.cells.CD80.CD86.,0
CD4 T cells CD80/CD86+_stromal_aggregatedNeighbors.Dendritic.Cells.CD33.,0
CD4 T cells CD80/CD86+_stromal_aggregatedNeighbors.Dendritic.Cells.CD209CD86dp,0
CD4 T cells CD80/CD86+_stromal_aggregatedNeighbors.Dendritic.Cells.CD209CD33dp,0
CD4 T cells CD80/CD86+_stromal_aggregatedNeighbors.Neutrophils,0
CD4 T cells CD80/CD86+_stromal_aggregatedNeighbors.aSMA.br.fibroblast,0
CD4 T cells CD80/CD86+_stromal_aggregatedNeighbors.aSMA.br.mesenchymal,0
CD4 T cells CD80/CD86+_stromal_aggregatedNeighbors.aSMA.br.vascular.endothelium,0
CD4 T cells CD80/CD86+_stromal_aggregatedNeighbors.Gland.mesenchymal,0
CD4 T cells CD80/CD86+_stromal_aggregatedNeighbors.Gland.fibroblast,0
CD4 T cells CD80/CD86+_stromal_aggregatedNeighbors.Gland.vascular.endothelium,0
CD4 T cells CD80/CD86+_stromal_aggregatedNeighbors.aSMA.br.epithelial.stem,0
CD4 T cells CD80/CD86+_stromal_aggregatedNeighbors.aSMA.br.glandular.epithelium,0
CD8 T cells CD80/CD86+_0_aggregatedNeighbors.CD4.T.cells.HLA.DR.,0
CD8 T cells CD80/CD86+_0_aggregatedNeighbors.CD8.T.cells.HLA.DR.,0
CD4 T cells CD80/CD86+_0_aggregatedNeighbors.NK.cells.CD56brCD16.,0
CD4 T cells CD80/CD86+_0_aggregatedNeighbors.CD8.T.cells.CD80.CD86.,0
CD4 T cells CD80/CD86+_0_aggregatedNeighbors.CD4.T.cells.CD80.CD86.,0
CD8 T cells HLA-DR+_0_aggregatedNeighbors.Macrophages.M1.M2,0
CD8 T cells HLA-DR+_glandfront_aggregatedNeighbors.CD8.T.cells.FoxP3.,0
CD8 T cells HLA-DR+_0_aggregatedNeighbors.aSMA.br.glandular.epithelium,0
CD8 T cells HLA-DR+_0_aggregatedNeighbors.aSMA.br.epithelial.stem,0
CD8 T cells HLA-DR+_0_aggregatedNeighbors.aSMA.br.vascular.endothelium,0
CD8 T cells HLA-DR+_0_aggregatedNeighbors.aSMA.br.mesenchymal,0
CD8 T cells HLA-DR+_0_aggregatedNeighbors.aSMA.br.fibroblast,0
CD8 T cells HLA-DR+_0_aggregatedNeighbors.Macrophages.M2.like,0
CD4 T cells CD80/CD86+_0_aggregatedNeighbors.CD8.T.cells.HLA.DR.,0
CD8 T cells HLA-DR+_0_aggregatedNeighbors.Macrophages.M1.like,0
CD8 T cells HLA-DR+_0_aggregatedNeighbors.NK.cells.CD56brCD16.CD9hi,0
CD8 T cells HLA-DR+_0_aggregatedNeighbors.NK.cells.CD56brCD16.TIM3hi,0
CD8 T cells HLA-DR+_0_aggregatedNeighbors.NK.cells.CD56brCD16.NKG2AhiTIM3hi,0
CD8 T cells HLA-DR+_0_aggregatedNeighbors.NK.cells.CD56brCD16.NKG2Ahi,0
CD8 T cells HLA-DR+_0_aggregatedNeighbors.NK.cells.CD56brCD16.,0
CD8 T cells HLA-DR+_glandfront_aggregatedNeighbors.CD4.T.cells.HLA.DR.,0
CD8 T cells HLA-DR+_glandfront_aggregatedNeighbors.CD8.T.cells.HLA.DR.,0
CD8 T cells HLA-DR+_glandfront_aggregatedNeighbors.CD4.T.cells.CD80.CD86.,0
CD8 T cells HLA-DR+_glandfront_aggregatedNeighbors.CD8.T.cells.CD80.CD86.,0
CD8 T cells HLA-DR+_glandfront_aggregatedNeighbors.Stroma.mesenchymal,0
CD8 T cells HLA-DR+_glandfront_aggregatedNeighbors.Stroma.vascular.endothelium,0
CD8 T cells HLA-DR+_glandfront_aggregatedNeighbors.Stroma.fibroblast,0
CD8 T cells HLA-DR+_glandfront_aggregatedNeighbors.NK.cells.CD56brCD16.,0
CD8 T cells HLA-DR+_glandfront_aggregatedNeighbors.NK.cells.CD56dimCD16.,0
CD8 T cells HLA-DR+_glandfront_aggregatedNeighbors.NK.cells.CD56brCD16.NKG2Ahi,0
CD8 T cells HLA-DR+_glandfront_aggregatedNeighbors.NK.cells.CD56brCD16.NKG2AhiTIM3hi,0
CD8 T cells HLA-DR+_glandfront_aggregatedNeighbors.NK.cells.CD56brCD16.TIM3hi,0
CD8 T cells HLA-DR+_glandfront_aggregatedNeighbors.NK.cells.CD56dimCD16.CD9hi,0
CD8 T cells HLA-DR+_glandfront_aggregatedNeighbors.NK.cells.CD56brCD16.CD9hi,0
CD8 T cells HLA-DR+_glandfront_aggregatedNeighbors.Macrophages.M1.like,0
CD8 T cells HLA-DR+_glandfront_aggregatedNeighbors.Macrophages.M2.like,0
CD8 T cells HLA-DR+_glandfront_aggregatedNeighbors.Macrophages.M1.M2,0
CD8 T cells HLA-DR+_0_aggregatedNeighbors.CD8.T.cells.CD80.CD86.,0
CD8 T cells HLA-DR+_0_aggregatedNeighbors.CD4.T.cells.CD80.CD86.,0
CD8 T cells HLA-DR+_0_aggregatedNeighbors.CD8.T.cells.HLA.DR.,0
CD4 T cells HLA-DR+_stromal_aggregatedNeighbors.Macrophages.M1.like,0
CD4 T cells HLA-DR+_stromal_aggregatedNeighbors.CD8.T.cells.HLA.DR.,0
CD4 T cells HLA-DR+_stromal_aggregatedNeighbors.CD4.T.cells.CD80.CD86.,0
CD4 T cells HLA-DR+_stromal_aggregatedNeighbors.CD8.T.cells.CD80.CD86.,0
CD4 T cells HLA-DR+_stromal_aggregatedNeighbors.CD4.T.cells.CD11b.,0
CD4 T cells HLA-DR+_stromal_aggregatedNeighbors.Stroma.mesenchymal,0
CD4 T cells HLA-DR+_stromal_aggregatedNeighbors.Stroma.vascular.endothelium,0
CD4 T cells HLA-DR+_stromal_aggregatedNeighbors.Stroma.fibroblast,0
CD4 T cells HLA-DR+_stromal_aggregatedNeighbors.NK.cells.CD56brCD16.,0
CD4 T cells HLA-DR+_stromal_aggregatedNeighbors.NK.cells.CD56dimCD16.,0
CD4 T cells HLA-DR+_stromal_aggregatedNeighbors.NK.cells.CD56brCD16.NKG2Ahi,0
CD4 T cells HLA-DR+_stromal_aggregatedNeighbors.NK.cells.CD56brCD16.NKG2AhiTIM3hi,0
CD4 T cells HLA-DR+_stromal_aggregatedNeighbors.NK.cells.CD56brCD16.TIM3hi,0
CD4 T cells HLA-DR+_stromal_aggregatedNeighbors.NK.cells.CD56dimCD16.CD9hi,0
CD4 T cells HLA-DR+_stromal_aggregatedNeighbors.NK.cells.CD56brCD16.CD9hi,0
CD4 T cells HLA-DR+_stromal_aggregatedNeighbors.Macrophages.M2.like,0
CD8 T cells HLA-DR+_0_aggregatedNeighbors.CD4.T.cells.HLA.DR.,0
CD4 T cells HLA-DR+_stromal_aggregatedNeighbors.Macrophages.M1.M2,0
CD4 T cells HLA-DR+_stromal_aggregatedNeighbors.Macrophages.MDSC,0
CD4 T cells HLA-DR+_stromal_aggregatedNeighbors.Dendritic.Cells.CD33.,0
CD4 T cells HLA-DR+_stromal_aggregatedNeighbors.Dendritic.Cells.CD209CD86dp,0
CD4 T cells HLA-DR+_stromal_aggregatedNeighbors.Dendritic.Cells.CD209CD33dp,0
CD4 T cells HLA-DR+_stromal_aggregatedNeighbors.Neutrophils,0
CD4 T cells HLA-DR+_stromal_aggregatedNeighbors.aSMA.br.fibroblast,0
CD4 T cells HLA-DR+_stromal_aggregatedNeighbors.aSMA.br.mesenchymal,0
CD4 T cells HLA-DR+_stromal_aggregatedNeighbors.aSMA.br.vascular.endothelium,0
CD4 T cells HLA-DR+_stromal_aggregatedNeighbors.Gland.mesenchymal,0
CD4 T cells HLA-DR+_stromal_aggregatedNeighbors.Gland.fibroblast,0
CD4 T cells HLA-DR+_stromal_aggregatedNeighbors.Gland.vascular.endothelium,0
CD4 T cells HLA-DR+_stromal_aggregatedNeighbors.aSMA.br.epithelial.stem,0
CD4 T cells HLA-DR+_stromal_aggregatedNeighbors.aSMA.br.glandular.epithelium,0
CD8 T cells HLA-DR+_glandfront_aggregatedNeighbors.Macrophages.MDSC,0
CD8 T cells HLA-DR+_glandfront_aggregatedNeighbors.Dendritic.Cells.CD33.,0
CD8 T cells HLA-DR+_glandfront_aggregatedNeighbors.Dendritic.Cells.CD209CD86dp,0
CD8 T cells HLA-DR+_stromal_aggregatedNeighbors.Macrophages.M2.like,0
CD8 T cells HLA-DR+_stromal_aggregatedNeighbors.CD4.T.cells.CD80.CD86.,0
CD8 T cells HLA-DR+_stromal_aggregatedNeighbors.CD8.T.cells.CD80.CD86.,0
CD8 T cells HLA-DR+_stromal_aggregatedNeighbors.CD4.T.cells.CD11b.,0
CD8 T cells HLA-DR+_stromal_aggregatedNeighbors.Stroma.mesenchymal,0
CD8 T cells HLA-DR+_stromal_aggregatedNeighbors.Stroma.vascular.endothelium,0
CD8 T cells HLA-DR+_stromal_aggregatedNeighbors.Stroma.fibroblast,0
CD8 T cells HLA-DR+_stromal_aggregatedNeighbors.NK.cells.CD56brCD16.,0
CD8 T cells HLA-DR+_stromal_aggregatedNeighbors.NK.cells.CD56dimCD16.,0
CD8 T cells HLA-DR+_stromal_aggregatedNeighbors.NK.cells.CD56brCD16.NKG2Ahi,0
CD8 T cells HLA-DR+_stromal_aggregatedNeighbors.NK.cells.CD56brCD16.NKG2AhiTIM3hi,0
CD8 T cells HLA-DR+_stromal_aggregatedNeighbors.NK.cells.CD56brCD16.TIM3hi,0
CD8 T cells HLA-DR+_stromal_aggregatedNeighbors.NK.cells.CD56dimCD16.CD9hi,0
CD8 T cells HLA-DR+_stromal_aggregatedNeighbors.NK.cells.CD56brCD16.CD9hi,0
CD8 T cells HLA-DR+_stromal_aggregatedNeighbors.Macrophages.M1.like,0
CD8 T cells HLA-DR+_stromal_aggregatedNeighbors.Macrophages.M1.M2,0
CD8 T cells HLA-DR+_stromal_aggregatedNeighbors.CD4.T.cells.HLA.DR.,0
CD8 T cells HLA-DR+_stromal_aggregatedNeighbors.Macrophages.MDSC,0
CD8 T cells HLA-DR+_stromal_aggregatedNeighbors.Dendritic.Cells.CD33.,0
CD8 T cells HLA-DR+_stromal_aggregatedNeighbors.Dendritic.Cells.CD209CD86dp,0
CD8 T cells HLA-DR+_stromal_aggregatedNeighbors.Dendritic.Cells.CD209CD33dp,0
CD8 T cells HLA-DR+_stromal_aggregatedNeighbors.Neutrophils,0
CD8 T cells HLA-DR+_stromal_aggregatedNeighbors.aSMA.br.fibroblast,0
CD8 T cells HLA-DR+_stromal_aggregatedNeighbors.aSMA.br.mesenchymal,0
CD8 T cells HLA-DR+_stromal_aggregatedNeighbors.aSMA.br.vascular.endothelium,0
CD8 T cells HLA-DR+_stromal_aggregatedNeighbors.Gland.mesenchymal,0
CD8 T cells HLA-DR+_stromal_aggregatedNeighbors.Gland.fibroblast,0
CD8 T cells HLA-DR+_stromal_aggregatedNeighbors.Gland.vascular.endothelium,0
CD8 T cells HLA-DR+_stromal_aggregatedNeighbors.aSMA.br.epithelial.stem,0
CD8 T cells HLA-DR+_stromal_aggregatedNeighbors.aSMA.br.glandular.epithelium,0
CD4 T cells CD80/CD86+_0_aggregatedNeighbors.CD4.T.cells.HLA.DR.,0
CD8 T cells HLA-DR+_stromal_aggregatedNeighbors.CD8.T.cells.HLA.DR.,0
CD8 T cells HLA-DR+_stromal_aggregatedNeighbors.CD8.T.cells.FoxP3.,0
CD8 T cells HLA-DR+_glandfront_aggregatedNeighbors.Dendritic.Cells.CD209CD33dp,0
CD8 T cells HLA-DR+_intragland_aggregatedNeighbors.CD8.T.cells.CD80.CD86.,0
CD8 T cells HLA-DR+_glandfront_aggregatedNeighbors.Neutrophils,0
CD8 T cells HLA-DR+_glandfront_aggregatedNeighbors.NKT,0
CD8 T cells HLA-DR+_glandfront_aggregatedNeighbors.aSMA.br.fibroblast,0
CD8 T cells HLA-DR+_glandfront_aggregatedNeighbors.aSMA.br.mesenchymal,0
CD8 T cells HLA-DR+_glandfront_aggregatedNeighbors.aSMA.br.vascular.endothelium,0
CD8 T cells HLA-DR+_glandfront_aggregatedNeighbors.Gland.glandular.epithelium,0
CD8 T cells HLA-DR+_glandfront_aggregatedNeighbors.Gland.mesenchymal,0
CD8 T cells HLA-DR+_glandfront_aggregatedNeighbors.Gland.fibroblast,0
CD8 T cells HLA-DR+_glandfront_aggregatedNeighbors.Gland.vascular.endothelium,0
CD8 T cells HLA-DR+_glandfront_aggregatedNeighbors.aSMA.br.epithelial.stem,0
CD8 T cells HLA-DR+_glandfront_aggregatedNeighbors.aSMA.br.glandular.epithelium,0
CD8 T cells HLA-DR+_intragland_aggregatedNeighbors.CD4.T.cells.HLA.DR.,0
CD8 T cells HLA-DR+_intragland_aggregatedNeighbors.CD8.T.cells.HLA.DR.,0
CD8 T cells HLA-DR+_intragland_aggregatedNeighbors.CD4.T.cells.CD80.CD86.,0
CD8 T cells HLA-DR+_intragland_aggregatedNeighbors.NK.cells.CD56brCD16.,0
CD8 T cells HLA-DR+_intragland_aggregatedNeighbors.aSMA.br.glandular.epithelium,0
CD8 T cells HLA-DR+_intragland_aggregatedNeighbors.NK.cells.CD56brCD16.NKG2Ahi,0
CD8 T cells HLA-DR+_intragland_aggregatedNeighbors.NK.cells.CD56brCD16.NKG2AhiTIM3hi,0
CD8 T cells HLA-DR+_intragland_aggregatedNeighbors.NK.cells.CD56brCD16.TIM3hi,0
CD8 T cells HLA-DR+_intragland_aggregatedNeighbors.NK.cells.CD56brCD16.CD9hi,0
CD8 T cells HLA-DR+_intragland_aggregatedNeighbors.Macrophages.M1.like,0
CD8 T cells HLA-DR+_intragland_aggregatedNeighbors.Macrophages.M2.like,0
CD8 T cells HLA-DR+_intragland_aggregatedNeighbors.Macrophages.M1.M2,0
CD8 T cells HLA-DR+_intragland_aggregatedNeighbors.aSMA.br.fibroblast,0
CD8 T cells HLA-DR+_intragland_aggregatedNeighbors.aSMA.br.mesenchymal,0
CD8 T cells HLA-DR+_intragland_aggregatedNeighbors.aSMA.br.vascular.endothelium,0
CD8 T cells HLA-DR+_intragland_aggregatedNeighbors.Gland.glandular.epithelium,0
CD8 T cells HLA-DR+_intragland_aggregatedNeighbors.Gland.mesenchymal,0
CD8 T cells HLA-DR+_intragland_aggregatedNeighbors.Gland.fibroblast,0
CD8 T cells HLA-DR+_intragland_aggregatedNeighbors.aSMA.br.epithelial.stem,0
CD4 T cells FoxP3+_0_aggregatedNeighbors.CD4.T.cells.HLA.DR.,0
NA_stromal_cellfrequency,0
NA_intragland_cellfrequency,0
Gland vascular endothelium_stromal_CD27,0
NA_glandfront_pP38,0
NA_glandfront_PR,0
NA_glandfront_ERa,0
Gland vascular endothelium_stromal_Dx,0
Gland vascular endothelium_stromal_patient_id,0
Gland vascular endothelium_stromal_HLA-DR,0
Gland vascular endothelium_stromal_NKG2C,0
NA_stromal_TIM3,0
Gland vascular endothelium_stromal_NKG2A,0
Gland vascular endothelium_stromal_TIM3,0
Gland vascular endothelium_stromal_Ki67,0
Gland vascular endothelium_stromal_GranzymeB,0
Gland vascular endothelium_stromal_VEGF,0
Gland vascular endothelium_stromal_IFNg,0
NA_glandfront_IFNg,0
NA_glandfront_VEGF,0
NA_glandfront_GranzymeB,0
NA_glandfront_Ki67,0
NA_glandfront_TIM3,0
NA_glandfront_NKG2A,0
NA_glandfront_NKG2C,0
NA_glandfront_CD27,0
NA_glandfront_HLA-DR,0
NA_glandfront_patient_id,0
NA_glandfront_Dx,0
NA_stromal_ERa,0
NA_stromal_PR,0
NA_stromal_pP38,0
NA_stromal_IFNg,0
NA_stromal_VEGF,0
NA_stromal_GranzymeB,0
Gland vascular endothelium_stromal_pP38,0
Gland vascular endothelium_stromal_ERa,0
Gland vascular endothelium_glandfront_Dx,0
Gland fibroblast_stromal_CD27,0
Gland fibroblast_intragland_CD27,0
Gland fibroblast_intragland_HLA-DR,0
Gland fibroblast_intragland_patient_id,0
Gland fibroblast_intragland_Dx,0
Gland fibroblast_stromal_ERa,0
Gland fibroblast_stromal_PR,0
Gland fibroblast_stromal_pP38,0
Gland fibroblast_stromal_IFNg,0
Gland fibroblast_stromal_VEGF,0
Gland fibroblast_stromal_GranzymeB,0
Gland fibroblast_stromal_Ki67,0
Gland fibroblast_stromal_TIM3,0
Gland fibroblast_stromal_NKG2A,0
Gland fibroblast_stromal_NKG2C,0
Gland fibroblast_stromal_HLA-DR,0
Gland vascular endothelium_glandfront_patient_id,0
Gland fibroblast_stromal_patient_id,0
Gland fibroblast_stromal_Dx,0
Gland vascular endothelium_glandfront_ERa,0
Gland vascular endothelium_glandfront_PR,0
Gland vascular endothelium_glandfront_pP38,0
Gland vascular endothelium_glandfront_IFNg,0
Gland vascular endothelium_glandfront_VEGF,0
Gland vascular endothelium_glandfront_GranzymeB,0
Gland vascular endothelium_glandfront_Ki67,0
Gland vascular endothelium_glandfront_TIM3,0
Gland vascular endothelium_glandfront_NKG2A,0
Gland vascular endothelium_glandfront_NKG2C,0
Gland vascular endothelium_glandfront_CD27,0
Gland vascular endothelium_glandfront_HLA-DR,0
NA_stromal_Ki67,0
NA_stromal_NKG2A,0
NA_0_cellfrequency,0
NK cells CD56brCD16-CD9hi_stromal_area,0
Dendritic Cells CD86+_0_area,0
Macrophages MDSC_stromal_area,0
Macrophages M2-like_stromal_area,0
Macrophages M2-like_glandfront_area,0
Macrophages M1-like_stromal_area,0
Macrophages M1-like_glandfront_area,0
NK cells CD56brCD16-CD9hi_glandfront_area,0
NA_stromal_NKG2C,0
NK cells CD56dimCD16+CD9hi_stromal_area,0
NK cells CD56dimCD16+CD9hi_glandfront_area,0
NK cells CD56dimCD16+CD9hi_0_area,0
NK cells CD56brCD16-TIM3hi_stromal_area,0
NK cells CD56brCD16-TIM3hi_glandfront_area,0
NK cells CD56dimCD16+_intragland_area,0
Dendritic Cells CD86+_intragland_area,0
Dendritic Cells CD86+_stromal_area,0
Dendritic Cells CD33+_0_area,0
Dendritic Cells CD33+_glandfront_area,0
Dendritic Cells CD33+_stromal_area,0
Dendritic Cells CD209CD86dp_glandfront_area,0
Dendritic Cells CD209CD33dp_stromal_area,0
Dendritic Cells CD86CD33dp_glandfront_area,0
Dendritic Cells CD86CD33dp_stromal_area,0
Neutrophils_glandfront_area,0
Neutrophils_stromal_area,0
aSMA-br fibroblast_glandfront_area,0
aSMA-br fibroblast_stromal_area,0
aSMA-br mesenchymal_glandfront_area,0
aSMA-br mesenchymal_stromal_area,0
aSMA-br vascular endothelium_glandfront_area,0
aSMA-br vascular endothelium_stromal_area,0
NK cells CD56dimCD16+_glandfront_area,0
NK cells CD56dimCD16+_0_area,0
NK cells CD56brCD16-_stromal_area,0
CD4 T cells CD80/CD86+_0_area,0
NA_stromal_CD27,0
NA_stromal_HLA-DR,0
NA_stromal_patient_id,0
NA_stromal_Dx,0
CD4 T cells FoxP3+_0_area,0
CD4 T cells FoxP3+_intragland_area,0
CD8 T cells FoxP3+_0_area,0
CD8 T cells FoxP3+_glandfront_area,0
CD8 T cells FoxP3+_intragland_area,0
CD8 T cells FoxP3+_stromal_area,0
CD4 T cells HLA-DR+_0_area,0
CD4 T cells HLA-DR+_intragland_area,0
CD8 T cells HLA-DR+_0_area,0
CD8 T cells HLA-DR+_intragland_area,0
CD4 T cells CD80/CD86+_intragland_area,0
NK cells CD56brCD16-_glandfront_area,0
CD8 T cells CD80/CD86+_0_area,0
CD8 T cells CD80/CD86+_glandfront_area,0
CD8 T cells CD80/CD86+_intragland_area,0
CD8 T cells CD80/CD86+_stromal_area,0
CD4 T cells CD11b+_0_area,0
CD4 T cells CD11b+_glandfront_area,0
CD4 T cells CD11b+_intragland_area,0
CD8 T cells CD11b+_0_area,0
CD8 T cells CD11b+_glandfront_area,0
CD8 T cells CD11b+_intragland_area,0
CD8 T cells CD11b+_stromal_area,0
Stroma mesenchymal_glandfront_area,0
Stroma mesenchymal_stromal_area,0
Stroma fibroblast_glandfront_area,0
Gland fibroblast_intragland_NKG2C,0
Gland fibroblast_intragland_NKG2A,0
Gland fibroblast_intragland_TIM3,0
aSMA-br vascular endothelium_stromal_Ki67,0
aSMA-br vascular endothelium_stromal_patient_id,0
aSMA-br vascular endothelium_stromal_HLA-DR,0
aSMA-br vascular endothelium_stromal_CD27,0
aSMA-br vascular endothelium_stromal_NKG2C,0
aSMA-br vascular endothelium_stromal_NKG2A,0
aSMA-br vascular endothelium_stromal_TIM3,0
aSMA-br vascular endothelium_stromal_GranzymeB,0
Gland fibroblast_intragland_Ki67,0
aSMA-br vascular endothelium_stromal_VEGF,0
aSMA-br vascular endothelium_stromal_IFNg,0
aSMA-br vascular endothelium_stromal_pP38,0
aSMA-br vascular endothelium_stromal_PR,0
aSMA-br vascular endothelium_stromal_ERa,0
aSMA-br vascular endothelium_glandfront_Dx,0
aSMA-br vascular endothelium_stromal_Dx,0
Gland glandular epithelium_glandfront_ERa,0
Gland glandular epithelium_glandfront_PR,0
Gland glandular epithelium_glandfront_pP38,0
Gland glandular epithelium_glandfront_IFNg,0
Gland glandular epithelium_glandfront_VEGF,0
Gland glandular epithelium_glandfront_GranzymeB,0
Gland glandular epithelium_glandfront_TIM3,0
Gland glandular epithelium_glandfront_NKG2A,0
Gland glandular epithelium_glandfront_NKG2C,0
Gland glandular epithelium_glandfront_CD27,0
Gland glandular epithelium_glandfront_HLA-DR,0
Gland glandular epithelium_glandfront_patient_id,0
Gland glandular epithelium_glandfront_Dx,0
Gland glandular epithelium_intragland_ERa,0
Gland glandular epithelium_intragland_PR,0
Gland glandular epithelium_intragland_pP38,0
aSMA-br vascular endothelium_glandfront_patient_id,0
aSMA-br vascular endothelium_glandfront_HLA-DR,0
aSMA-br vascular endothelium_glandfront_CD27,0
aSMA-br mesenchymal_stromal_TIM3,0
aSMA-br mesenchymal_glandfront_TIM3,0
aSMA-br mesenchymal_glandfront_NKG2A,0
aSMA-br mesenchymal_glandfront_NKG2C,0
aSMA-br mesenchymal_glandfront_CD27,0
aSMA-br mesenchymal_glandfront_HLA-DR,0
aSMA-br mesenchymal_glandfront_patient_id,0
aSMA-br mesenchymal_glandfront_Dx,0
aSMA-br mesenchymal_stromal_ERa,0
aSMA-br mesenchymal_stromal_PR,0
aSMA-br mesenchymal_stromal_pP38,0
aSMA-br mesenchymal_stromal_IFNg,0
aSMA-br mesenchymal_stromal_VEGF,0
aSMA-br mesenchymal_stromal_GranzymeB,0
aSMA-br mesenchymal_stromal_Ki67,0
aSMA-br mesenchymal_stromal_NKG2A,0
aSMA-br vascular endothelium_glandfront_NKG2C,0
aSMA-br mesenchymal_stromal_NKG2C,0
aSMA-br mesenchymal_stromal_CD27,0
aSMA-br mesenchymal_stromal_HLA-DR,0
aSMA-br mesenchymal_stromal_patient_id,0
aSMA-br mesenchymal_stromal_Dx,0
aSMA-br vascular endothelium_glandfront_ERa,0
aSMA-br vascular endothelium_glandfront_PR,0
aSMA-br vascular endothelium_glandfront_pP38,0
aSMA-br vascular endothelium_glandfront_IFNg,0
aSMA-br vascular endothelium_glandfront_VEGF,0
aSMA-br vascular endothelium_glandfront_GranzymeB,0
aSMA-br vascular endothelium_glandfront_Ki67,0
aSMA-br vascular endothelium_glandfront_TIM3,0
aSMA-br vascular endothelium_glandfront_NKG2A,0
Gland glandular epithelium_intragland_IFNg,0
Gland glandular epithelium_intragland_VEGF,0
Gland glandular epithelium_intragland_GranzymeB,0
Gland fibroblast_glandfront_VEGF,0
Gland mesenchymal_stromal_VEGF,0
Gland mesenchymal_stromal_GranzymeB,0
Gland mesenchymal_stromal_Ki67,0
Gland mesenchymal_stromal_TIM3,0
Gland mesenchymal_stromal_NKG2A,0
Gland mesenchymal_stromal_NKG2C,0
Gland mesenchymal_stromal_CD27,0
Gland mesenchymal_stromal_HLA-DR,0
Gland mesenchymal_stromal_patient_id,0
Gland mesenchymal_stromal_Dx,0
Gland fibroblast_glandfront_ERa,0
Gland fibroblast_glandfront_PR,0
Gland fibroblast_glandfront_pP38,0
Gland fibroblast_glandfront_IFNg,0
Gland fibroblast_glandfront_GranzymeB,0
Gland mesenchymal_stromal_pP38,0
Gland fibroblast_glandfront_Ki67,0
Gland fibroblast_glandfront_TIM3,0
Gland fibroblast_glandfront_NKG2A,0
Gland fibroblast_glandfront_NKG2C,0
Gland fibroblast_glandfront_CD27,0
Gland fibroblast_glandfront_HLA-DR,0
Gland fibroblast_glandfront_patient_id,0
Gland fibroblast_glandfront_Dx,0
Gland fibroblast_intragland_ERa,0
Gland fibroblast_intragland_PR,0
Gland fibroblast_intragland_pP38,0
Gland fibroblast_intragland_IFNg,0
Gland fibroblast_intragland_VEGF,0
Gland fibroblast_intragland_GranzymeB,0
Gland mesenchymal_stromal_IFNg,0
Gland mesenchymal_stromal_PR,0
Gland glandular epithelium_intragland_TIM3,0
Gland mesenchymal_glandfront_CD27,0
Gland glandular epithelium_intragland_NKG2A,0
Gland glandular epithelium_intragland_NKG2C,0
Gland glandular epithelium_intragland_CD27,0
Gland glandular epithelium_intragland_patient_id,0
Gland glandular epithelium_intragland_Dx,0
Gland mesenchymal_glandfront_ERa,0
Gland mesenchymal_glandfront_PR,0
Gland mesenchymal_glandfront_pP38,0
Gland mesenchymal_glandfront_IFNg,0
Gland mesenchymal_glandfront_VEGF,0
Gland mesenchymal_glandfront_Ki67,0
Gland mesenchymal_glandfront_TIM3,0
Gland mesenchymal_glandfront_NKG2A,0
Gland mesenchymal_glandfront_NKG2C,0
Gland mesenchymal_glandfront_HLA-DR,0
Gland mesenchymal_stromal_ERa,0
Gland mesenchymal_glandfront_patient_id,0
Gland mesenchymal_glandfront_Dx,0
Gland mesenchymal_intragland_ERa,0
Gland mesenchymal_intragland_PR,0
Gland mesenchymal_intragland_pP38,0
Gland mesenchymal_intragland_IFNg,0
Gland mesenchymal_intragland_VEGF,0
Gland mesenchymal_intragland_TIM3,0
Gland mesenchymal_intragland_NKG2A,0
Gland mesenchymal_intragland_NKG2C,0
Gland mesenchymal_intragland_CD27,0
Gland mesenchymal_intragland_HLA-DR,0
Gland mesenchymal_intragland_patient_id,0
Gland mesenchymal_intragland_Dx,0
Gland mesenchymal_glandfront_area,0
Gland mesenchymal_intragland_area,0
Gland vascular endothelium_glandfront_area,0
NK cells CD56dimCD16+_0_cellfrequency,0
NK cells CD56brCD16-NKG2AhiTIM3hi_0_cellfrequency,0
NK cells CD56brCD16-NKG2Ahi_stromal_cellfrequency,0
NK cells CD56brCD16-NKG2Ahi_intragland_cellfrequency,0
NK cells CD56brCD16-NKG2Ahi_0_cellfrequency,0
NK cells CD56dimCD16+_stromal_cellfrequency,0
NK cells CD56dimCD16+_glandfront_cellfrequency,0
NK cells CD56brCD16-_stromal_cellfrequency,0
CD8 T cells FoxP3+_glandfront_cellfrequency,0
NK cells CD56brCD16-_intragland_cellfrequency,0
NK cells CD56brCD16-_glandfront_cellfrequency,0
NK cells CD56brCD16-_0_cellfrequency,0
Stroma fibroblast_stromal_cellfrequency,0
Stroma fibroblast_intragland_cellfrequency,0
Stroma fibroblast_glandfront_cellfrequency,0
NK cells CD56brCD16-NKG2AhiTIM3hi_glandfront_cellfrequency,0
NK cells CD56brCD16-NKG2AhiTIM3hi_intragland_cellfrequency,0
NK cells CD56brCD16-NKG2AhiTIM3hi_stromal_cellfrequency,0
NK cells CD56brCD16-TIM3hi_0_cellfrequency,0
NK cells CD56brCD16-TIM3hi_glandfront_cellfrequency,0
NK cells CD56brCD16-TIM3hi_intragland_cellfrequency,0
NK cells CD56brCD16-TIM3hi_stromal_cellfrequency,0
NK cells CD56dimCD16+CD9hi_0_cellfrequency,0
NK cells CD56dimCD16+CD9hi_glandfront_cellfrequency,0
NK cells CD56dimCD16+CD9hi_intragland_cellfrequency,0
NK cells CD56dimCD16+CD9hi_stromal_cellfrequency,0
NK cells CD56brCD16-CD9hi_0_cellfrequency,0
NK cells CD56brCD16-CD9hi_intragland_cellfrequency,0
NK cells CD56brCD16-CD9hi_stromal_cellfrequency,0
Macrophages M1-like_0_cellfrequency,0
Macrophages M1-like_glandfront_cellfrequency,0
Macrophages M1-like_intragland_cellfrequency,0
Stroma fibroblast_0_cellfrequency,0
Stroma vascular endothelium_stromal_cellfrequency,0
Stroma vascular endothelium_intragland_cellfrequency,0
CD8 T cells CD11b+_glandfront_cellfrequency,0
CD4 T cells HLA-DR+_0_cellfrequency,0
CD4 T cells HLA-DR+_glandfront_cellfrequency,0
CD4 T cells HLA-DR+_intragland_cellfrequency,0
CD8 T cells HLA-DR+_0_cellfrequency,0
CD8 T cells HLA-DR+_intragland_cellfrequency,0
CD4 T cells CD80/CD86+_0_cellfrequency,0
CD4 T cells CD80/CD86+_intragland_cellfrequency,0
CD4 T cells CD80/CD86+_stromal_cellfrequency,0
CD8 T cells CD80/CD86+_0_cellfrequency,0
CD8 T cells CD80/CD86+_glandfront_cellfrequency,0
CD4 T cells CD11b+_0_cellfrequency,0
CD4 T cells CD11b+_intragland_cellfrequency,0
CD4 T cells CD11b+_stromal_cellfrequency,0
CD8 T cells CD11b+_0_cellfrequency,0
CD8 T cells CD11b+_intragland_cellfrequency,0
Stroma vascular endothelium_glandfront_cellfrequency,0
CD8 T cells CD11b+_stromal_cellfrequency,0
Stroma epithelial stem_0_cellfrequency,0
Stroma epithelial stem_glandfront_cellfrequency,0
Stroma epithelial stem_intragland_cellfrequency,0
Stroma epithelial stem_stromal_cellfrequency,0
Stroma mesenchymal_0_cellfrequency,0
Stroma mesenchymal_glandfront_cellfrequency,0
Stroma mesenchymal_intragland_cellfrequency,0
Stroma mesenchymal_stromal_cellfrequency,0
Stroma glandular epithelium_0_cellfrequency,0
Stroma glandular epithelium_glandfront_cellfrequency,0
Stroma glandular epithelium_intragland_cellfrequency,0
Stroma glandular epithelium_stromal_cellfrequency,0
Stroma vascular endothelium_0_cellfrequency,0
Macrophages M1-like_stromal_cellfrequency,0
Macrophages M2-like_0_cellfrequency,0
Macrophages M2-like_glandfront_cellfrequency,0
Gland fibroblast_glandfront_cellfrequency,0
aSMA-br mesenchymal_intragland_cellfrequency,0
aSMA-br mesenchymal_stromal_cellfrequency,0
aSMA-br vascular endothelium_0_cellfrequency,0
aSMA-br vascular endothelium_glandfront_cellfrequency,0
aSMA-br vascular endothelium_intragland_cellfrequency,0
aSMA-br vascular endothelium_stromal_cellfrequency,0
Gland glandular epithelium_0_cellfrequency,0
Gland glandular epithelium_glandfront_cellfrequency,0
Gland glandular epithelium_intragland_cellfrequency,0
Gland glandular epithelium_stromal_cellfrequency,0
Gland mesenchymal_0_cellfrequency,0
Gland mesenchymal_glandfront_cellfrequency,0
Gland mesenchymal_intragland_cellfrequency,0
Gland fibroblast_0_cellfrequency,0
Gland fibroblast_intragland_cellfrequency,0
aSMA-br mesenchymal_0_cellfrequency,0
Gland fibroblast_stromal_cellfrequency,0
Gland vascular endothelium_0_cellfrequency,0
Gland vascular endothelium_intragland_cellfrequency,0
Gland vascular endothelium_stromal_cellfrequency,0
Gland epithelial stem_0_cellfrequency,0
Gland epithelial stem_glandfront_cellfrequency,0
Gland epithelial stem_intragland_cellfrequency,0
Gland epithelial stem_stromal_cellfrequency,0
aSMA-br epithelial stem_0_cellfrequency,0
aSMA-br epithelial stem_glandfront_cellfrequency,0
aSMA-br epithelial stem_stromal_cellfrequency,0
aSMA-br glandular epithelium_0_cellfrequency,0
aSMA-br glandular epithelium_intragland_cellfrequency,0
aSMA-br glandular epithelium_stromal_cellfrequency,0
aSMA-br mesenchymal_glandfront_cellfrequency,0
aSMA-br fibroblast_stromal_cellfrequency,0
Macrophages M2-like_stromal_cellfrequency,0
Dendritic Cells CD209CD86dp_glandfront_cellfrequency,0
Macrophages M1/M2_0_cellfrequency,0
Macrophages M1/M2_glandfront_cellfrequency,0
Macrophages M1/M2_intragland_cellfrequency,0
Macrophages M1/M2_stromal_cellfrequency,0
Macrophages MDSC_0_cellfrequency,0
Macrophages MDSC_glandfront_cellfrequency,0
Macrophages MDSC_stromal_cellfrequency,0
Dendritic Cells CD86+_0_cellfrequency,0
Dendritic Cells CD86+_intragland_cellfrequency,0
Dendritic Cells CD33+_0_cellfrequency,0
Dendritic Cells CD33+_glandfront_cellfrequency,0
Dendritic Cells CD33+_intragland_cellfrequency,0
Dendritic Cells CD33+_stromal_cellfrequency,0
Dendritic Cells CD209CD86dp_0_cellfrequency,0
Dendritic Cells CD209CD86dp_intragland_cellfrequency,0
aSMA-br fibroblast_intragland_cellfrequency,0
Dendritic Cells CD209CD86dp_stromal_cellfrequency,0
Dendritic Cells CD209CD33dp_0_cellfrequency,0
Dendritic Cells CD209CD33dp_intragland_cellfrequency,0
Dendritic Cells CD86CD33dp_0_cellfrequency,0
Dendritic Cells CD86CD33dp_glandfront_cellfrequency,0
Dendritic Cells CD86CD33dp_intragland_cellfrequency,0
Neutrophils_0_cellfrequency,0
Neutrophils_intragland_cellfrequency,0
Neutrophils_stromal_cellfrequency,0
NKT_0_cellfrequency,0
NKT_glandfront_cellfrequency,0
NKT_stromal_cellfrequency,0
aSMA-br fibroblast_0_cellfrequency,0
aSMA-br fibroblast_glandfront_cellfrequency,0
CD8 T cells FoxP3+_stromal_cellfrequency,0
CD8 T cells FoxP3+_0_cellfrequency,0
Gland vascular endothelium_stromal_area,0
NK cells CD56dimCD16+_glandfront_eccentricity,0
NK cells CD56dimCD16+CD9hi_0_eccentricity,0
NK cells CD56brCD16-TIM3hi_stromal_eccentricity,0
NK cells CD56brCD16-TIM3hi_glandfront_eccentricity,0
NK cells CD56brCD16-NKG2AhiTIM3hi_stromal_eccentricity,0
NK cells CD56dimCD16+_stromal_eccentricity,0
NK cells CD56dimCD16+_intragland_eccentricity,0
NK cells CD56dimCD16+_0_eccentricity,0
CD4 T cells FoxP3+_stromal_cellfrequency,0
NK cells CD56brCD16-_stromal_eccentricity,0
NK cells CD56brCD16-_glandfront_eccentricity,0
Stroma fibroblast_stromal_eccentricity,0
Stroma fibroblast_glandfront_eccentricity,0
Stroma vascular endothelium_stromal_eccentricity,0
Stroma vascular endothelium_glandfront_eccentricity,0
NK cells CD56dimCD16+CD9hi_glandfront_eccentricity,0
NK cells CD56dimCD16+CD9hi_intragland_eccentricity,0
NK cells CD56dimCD16+CD9hi_stromal_eccentricity,0
NK cells CD56brCD16-CD9hi_glandfront_eccentricity,0
NK cells CD56brCD16-CD9hi_stromal_eccentricity,0
Macrophages M1-like_glandfront_eccentricity,0
Macrophages M1-like_stromal_eccentricity,0
Macrophages M2-like_glandfront_eccentricity,0
Macrophages M2-like_stromal_eccentricity,0
Macrophages M1/M2_glandfront_eccentricity,0
Macrophages M1/M2_stromal_eccentricity,0
Macrophages MDSC_glandfront_eccentricity,0
Macrophages MDSC_stromal_eccentricity,0
Dendritic Cells CD86+_0_eccentricity,0
Dendritic Cells CD86+_glandfront_eccentricity,0
Dendritic Cells CD86+_intragland_eccentricity,0
Dendritic Cells CD86+_stromal_eccentricity,0
Stroma mesenchymal_stromal_eccentricity,0
Stroma mesenchymal_glandfront_eccentricity,0
CD8 T cells CD11b+_stromal_eccentricity,0
CD8 T cells HLA-DR+_intragland_eccentricity,0
NA_glandfront_area,0
CD4 T cells FoxP3+_0_eccentricity,0
CD4 T cells FoxP3+_glandfront_eccentricity,0
CD4 T cells FoxP3+_intragland_eccentricity,0
CD4 T cells FoxP3+_stromal_eccentricity,0
CD8 T cells FoxP3+_0_eccentricity,0
CD8 T cells FoxP3+_glandfront_eccentricity,0
CD8 T cells FoxP3+_intragland_eccentricity,0
CD8 T cells FoxP3+_stromal_eccentricity,0
CD4 T cells HLA-DR+_0_eccentricity,0
CD4 T cells HLA-DR+_glandfront_eccentricity,0
CD4 T cells HLA-DR+_intragland_eccentricity,0
CD4 T cells HLA-DR+_stromal_eccentricity,0
CD8 T cells HLA-DR+_0_eccentricity,0
CD8 T cells HLA-DR+_stromal_eccentricity,0
CD8 T cells CD11b+_intragland_eccentricity,0
CD4 T cells CD80/CD86+_0_eccentricity,0
CD4 T cells CD80/CD86+_glandfront_eccentricity,0
CD4 T cells CD80/CD86+_intragland_eccentricity,0
CD4 T cells CD80/CD86+_stromal_eccentricity,0
CD8 T cells CD80/CD86+_0_eccentricity,0
CD8 T cells CD80/CD86+_glandfront_eccentricity,0
CD8 T cells CD80/CD86+_intragland_eccentricity,0
CD8 T cells CD80/CD86+_stromal_eccentricity,0
CD4 T cells CD11b+_0_eccentricity,0
CD4 T cells CD11b+_glandfront_eccentricity,0
CD4 T cells CD11b+_intragland_eccentricity,0
CD4 T cells CD11b+_stromal_eccentricity,0
CD8 T cells CD11b+_0_eccentricity,0
CD8 T cells CD11b+_glandfront_eccentricity,0
Dendritic Cells CD33+_0_eccentricity,0
Dendritic Cells CD33+_glandfront_eccentricity,0
Dendritic Cells CD33+_intragland_eccentricity,0
Macrophages M1/M2_glandfront_celldistance,0
CD4 T cells CD11b+_glandfront_celldistance,0
CD8 T cells CD11b+_0_celldistance,0
CD8 T cells CD11b+_glandfront_celldistance,0
Stroma mesenchymal_glandfront_celldistance,0
Stroma vascular endothelium_glandfront_celldistance,0
Stroma fibroblast_glandfront_celldistance,0
NK cells CD56brCD16-_glandfront_celldistance,0
NK cells CD56dimCD16+_0_celldistance,0
NK cells CD56dimCD16+_glandfront_celldistance,0
NK cells CD56dimCD16+CD9hi_0_celldistance,0
NK cells CD56dimCD16+CD9hi_glandfront_celldistance,0
NK cells CD56brCD16-CD9hi_glandfront_celldistance,0
Macrophages M1-like_glandfront_celldistance,0
Macrophages M2-like_glandfront_celldistance,0
Dendritic Cells CD86+_0_celldistance,0
CD8 T cells CD80/CD86+_glandfront_celldistance,0
Dendritic Cells CD33+_0_celldistance,0
Dendritic Cells CD33+_glandfront_celldistance,0
Dendritic Cells CD86CD33dp_glandfront_celldistance,0
Neutrophils_glandfront_celldistance,0
NKT_glandfront_celldistance,0
aSMA-br fibroblast_glandfront_celldistance,0
aSMA-br mesenchymal_glandfront_celldistance,0
Gland fibroblast_glandfront_celldistance,0
Gland vascular endothelium_glandfront_celldistance,0
NA_glandfront_celldistance,0
B cells_0_cellfrequency,0
B cells_stromal_cellfrequency,0
CD4 T cells FoxP3+_0_cellfrequency,0
CD4 T cells FoxP3+_intragland_cellfrequency,0
CD4 T cells CD11b+_0_celldistance,0
CD8 T cells CD80/CD86+_0_celldistance,0
Dendritic Cells CD33+_stromal_eccentricity,0
Gland glandular epithelium_intragland_eccentricity,0
Dendritic Cells CD209CD86dp_stromal_eccentricity,0
Dendritic Cells CD209CD33dp_glandfront_eccentricity,0
Dendritic Cells CD209CD33dp_stromal_eccentricity,0
Dendritic Cells CD86CD33dp_stromal_eccentricity,0
Neutrophils_glandfront_eccentricity,0
Neutrophils_stromal_eccentricity,0
NKT_glandfront_eccentricity,0
aSMA-br fibroblast_glandfront_eccentricity,0
aSMA-br fibroblast_stromal_eccentricity,0
aSMA-br mesenchymal_glandfront_eccentricity,0
aSMA-br mesenchymal_stromal_eccentricity,0
aSMA-br vascular endothelium_glandfront_eccentricity,0
aSMA-br vascular endothelium_stromal_eccentricity,0
Gland glandular epithelium_glandfront_eccentricity,0
Gland mesenchymal_glandfront_eccentricity,0
CD4 T cells CD80/CD86+_glandfront_celldistance,0
Gland mesenchymal_intragland_eccentricity,0
Gland mesenchymal_stromal_eccentricity,0
Gland fibroblast_glandfront_eccentricity,0
Gland fibroblast_intragland_eccentricity,0
Gland fibroblast_stromal_eccentricity,0
Gland vascular endothelium_glandfront_eccentricity,0
Gland vascular endothelium_stromal_eccentricity,0
NA_glandfront_eccentricity,0
NA_stromal_eccentricity,0
CD4 T cells FoxP3+_0_celldistance,0
CD8 T cells FoxP3+_0_celldistance,0
CD4 T cells HLA-DR+_0_celldistance,0
CD8 T cells HLA-DR+_0_celldistance,0
CD4 T cells CD80/CD86+_0_celldistance,0
NA_stromal_aggregatedNeighbors.aSMA.br.glandular.epithelium,0
